dataTorque
   0.0987742     0.120344     0.153414    0.0596783     0.150056     -5.87569 -6.76289e-07
  -0.0918517     0.568055     0.164788     0.280455     0.149528     -5.87497 -1.12482e-05
   -0.435813      1.38247     0.184115     0.679022     0.146859      -5.8713 -6.23663e-05
   -0.889114      2.47566     0.207621      1.20618     0.140054      -5.8617 -0.000207028
    -1.41356      3.77644     0.233177      1.82032     0.127598     -5.84384 -0.000497981
    -1.97894      5.20494     0.261673      2.47603     0.108896     -5.81703 -0.000962745
  -2.56375    6.67376   0.295604    3.12601  0.0844089   -5.78259 -0.0015967
   -3.15148     8.11565     0.33694     3.73493   0.0553393    -5.74248 -0.00237909
   -3.72928     9.49384    0.386655     4.28364    0.023177    -5.69828 -0.00328859
   -4.28613     10.7884    0.443748     4.76578  -0.0105815    -5.65212 -0.00429095
   -4.81401     11.9833    0.506329     5.18016  -0.0445863    -5.60645 -0.00533214
   -5.31326     13.0671    0.574372     5.52441  -0.0777649    -5.56296 -0.00635821
   -5.78573      14.044    0.647682     5.80266   -0.109446    -5.52277 -0.00733026
   -6.23095      14.917    0.724612     6.02192   -0.139197    -5.48663 -0.00820889
   -6.65397     15.6782    0.804831     6.18172   -0.166688    -5.45499 -0.00895243
    -7.0628      16.322    0.888768     6.28053   -0.191796    -5.42815 -0.00953097
   -7.46287       16.84    0.976266     6.31694   -0.214436    -5.40665 -0.00991907
  -7.85759    17.2178     1.0671    6.28741  -0.234419   -5.39122 -0.0100942
  -8.24823    17.4419     1.1609    6.18881  -0.251483   -5.38223 -0.0100466
   -8.63307     17.5065     1.25658     6.02202    -0.26541    -5.37923 -0.00977998
    -9.0081     17.4177     1.35234     5.79357   -0.276199    -5.38102 -0.00930692
   -9.37004     17.1866     1.44661     5.51105   -0.283965     -5.3862 -0.00865039
   -9.71836      16.825     1.53835     5.18062   -0.288934    -5.39333 -0.00783694
   -10.0545      16.347      1.6267     4.80849    -0.29153    -5.40096 -0.00688626
   -10.3803      15.768     1.71097     4.40096    -0.29222    -5.40807 -0.00581969
   -10.6954     15.1058     1.79036     3.96639   -0.291313    -5.41413 -0.00466944
    -10.997     14.3803     1.86402     3.51476   -0.289023    -5.41895 -0.00346937
   -11.2858     13.6067     1.93175     3.05225   -0.285672    -5.42231 -0.00224291
   -11.5652     12.7982     1.99389     2.58234   -0.281639    -5.42396 -0.00100956
   -11.8354     11.9705     2.05062     2.11106   -0.277153    -5.42408 0.000206684
  -12.0946    11.1392    2.10194    1.64556  -0.272309   -5.42301 0.00138403
  -12.3438    10.3133    2.14828    1.18888  -0.267278   -5.42092 0.00251007
  -12.5863    9.49793    2.19041   0.741203  -0.262267   -5.41801 0.00357378
  -12.8225    8.70086    2.22883   0.305088  -0.257329   -5.41463 0.00455893
 -13.0501   7.93024   2.26376 -0.115525 -0.252419  -5.41113 0.0054537
  -13.2695     7.1889    2.29548  -0.519868  -0.247625   -5.40758 0.00625788
  -13.4832    6.47866    2.32437  -0.908872  -0.243174   -5.40383 0.00696939
   -13.692    5.80355    2.35061    -1.2815  -0.239193   -5.39981 0.00758275
  -13.8922    5.16778    2.37418   -1.63421  -0.235529   -5.39568 0.00809996
  -14.0811    4.57566    2.39505   -1.96407  -0.232165   -5.39156 0.00852324
   -14.261    4.03052    2.41314   -2.27099  -0.229482   -5.38717 0.00885064
 -14.4343   3.53303   2.42831  -2.55574 -0.227872   -5.3821 0.0090852
   -14.601    3.08212    2.44045   -2.81821  -0.227444   -5.37619 0.00924015
 -14.7599   2.67827   2.44961  -3.05731 -0.228203  -5.36959 0.0093314
  -14.9123      2.323    2.45573   -3.27254   -0.23042   -5.36252 0.00937426
  -15.0608    2.01771    2.45867   -3.46421   -0.23453   -5.35513 0.00938167
  -15.2057    1.76141    2.45854   -3.63311  -0.240594   -5.34759 0.00936363
  -15.3456    1.54859    2.45578   -3.78123  -0.248301   -5.34009 0.00933098
 -15.4802   1.37405   2.45068  -3.91092 -0.257515  -5.33274 0.0092864
  -15.6097    1.23279    2.44339   -4.02478  -0.268265   -5.32554 0.00922738
  -15.7332    1.11686    2.43429   -4.12603  -0.280277   -5.31853 0.00915723
 -15.8494   1.01971   2.42391  -4.21708  -0.29312  -5.31188 0.0090782
  -15.9576   0.940047     2.4123    -4.2986  -0.306894   -5.30535 0.00898496
  -16.0582   0.882156    2.39918   -4.36923  -0.322088    -5.2984 0.00886345
  -16.1504   0.845181    2.38478   -4.42936  -0.338525   -5.29085 0.00870607
  -16.2331   0.819125    2.36978   -4.48264  -0.355452   -5.28289 0.00852152
  -16.3063   0.800938    2.35425   -4.52997  -0.372792   -5.27433 0.00831613
  -16.3709   0.797471     2.3376   -4.56833  -0.391225   -5.26458 0.00808844
  -16.4278   0.814963    2.31937   -4.59492  -0.411318   -5.25309 0.00783819
  -16.4775   0.854662    2.29959   -4.60909     -0.433   -5.23962 0.00756797
  -16.5206   0.917052    2.27857   -4.61078  -0.455959   -5.22424 0.00727837
  -16.5581    1.00485    2.25615   -4.59915  -0.480398   -5.20678 0.00696722
  -16.5916    1.12065    2.23188   -4.57352  -0.506812   -5.18695 0.00663393
 -16.6224   1.26534   2.20574  -4.53397 -0.535277  -5.16492 0.0062794
   -16.651     1.4368    2.17811   -4.48174  -0.565433   -5.14117 0.00590649
  -16.6782    1.63027      2.149   -4.41886  -0.597214   -5.11577 0.00552184
  -16.7042    1.83786    2.11851   -4.34847  -0.630436   -5.08885 0.00513464
  -16.7281    2.04814    2.08723   -4.27507   -0.66436   -5.06099 0.00475591
  -16.7484    2.25123    2.05529   -4.20224   -0.69874    -5.0325 0.00439748
  -16.7632     2.4409    2.02209   -4.13162  -0.733975   -5.00332 0.00407092
  -16.7709    2.61301    1.98677   -4.06379  -0.770544   -4.97318 0.00378741
  -16.7701    2.76571    1.94861   -3.99875  -0.808672   -4.94189 0.00355492
  -16.7602    2.89934    1.90761   -3.93629  -0.848193   -4.90951 0.00337438
  -16.7417    3.01325    1.86465   -3.87729  -0.888407   -4.87656 0.00324178
  -16.7157    3.10456    1.82092   -3.82369   -0.92835   -4.84376 0.00315305
  -16.6824    3.17554    1.77648    -3.7744  -0.967998   -4.81109 0.00310137
  -16.6421    3.23269    1.73094   -3.72639   -1.00774   -4.77827 0.00307759
  -16.5957    3.28178    1.68432   -3.67745   -1.04756   -4.74529 0.00307308
  -16.5425    3.32876    1.63567   -3.62462   -1.08795   -4.71159 0.00308043
 -16.4807   3.37739   1.58342  -3.56516  -1.12977  -4.67637 0.0030956
  -16.4107    3.42982    1.52713   -3.49815   -1.17318    -4.6395 0.00311524
  -16.3344    3.49101    1.46726   -3.42271   -1.21796   -4.60131 0.00313253
  -16.2526    3.56879    1.40309   -3.33595    -1.2647   -4.56144 0.00314177
  -16.1643    3.66761    1.33336   -3.23532   -1.31431   -4.51908 0.00314487
 -16.0696   3.78596   1.25864  -3.12218   -1.3666  -4.47425 0.0031468
    -15.97    3.92048    1.18089   -2.99992   -1.42056   -4.42775 0.00314919
  -15.8637    4.07704    1.10057   -2.86635   -1.47665   -4.37932 0.00314248
  -15.7478    4.26182    1.01722   -2.71784   -1.53609   -4.32825 0.00311816
  -15.6241    4.46548   0.932244   -2.55919   -1.59788   -4.27551 0.00308498
  -15.4958    4.67998   0.847122   -2.39517   -1.66072   -4.22229 0.00304819
  -15.3625    4.90679   0.761106   -2.22423   -1.72512   -4.16837 0.00300264
 -15.2233   5.14751  0.673014  -2.04408  -1.79195  -4.11319 0.0029434
  -15.0795    5.39977   0.583189   -1.85593   -1.86084   -4.05702 0.00286891
  -14.9336    5.65829   0.492915   -1.66332   -1.93064   -4.00055 0.00278199
  -14.7858    5.92082   0.402366   -1.46698   -2.00116   -3.94356 0.00268571
  -14.6359    6.18534   0.311854   -1.26775    -2.0721   -3.88581 0.00258287
  -14.4856    6.44851     0.2227   -1.06847   -2.14239   -3.82785 0.00247415
 -14.3342   6.70973  0.135165  -0.86916  -2.21193  -3.76951 0.0023578
   -14.179     6.9693  0.0487083  -0.668101   -2.28131   -3.71012 0.00223368
  -14.0203    7.22624 -0.0363122  -0.465877   -2.35037   -3.64995 0.00210269
  -13.8604    7.48016  -0.119017  -0.264194   -2.41847   -3.58973 0.00196459
  -13.6994    7.73353  -0.199718 -0.0615583   -2.48601   -3.52915 0.00181713
  -13.5342    7.98856  -0.279724   0.145648   -2.55427   -3.46696 0.00165865
  -13.3612    8.24368  -0.359884   0.359136    -2.6239   -3.40221 0.00149049
  -13.1814    8.49398  -0.439445    0.57594   -2.69397   -3.33552 0.00131441
  -12.9992    8.73581  -0.516982   0.791554   -2.76304   -3.26838 0.00112903
   -12.8166     8.97008   -0.592418     1.00557      -2.831    -3.20117 0.000930562
   -12.6327     9.19953   -0.666668     1.22023     -2.8986    -3.13336 0.000717366
   -12.4483     9.42587   -0.739961     1.43583    -2.96597    -3.06521 0.000491485
    -12.266     9.65003   -0.811867     1.65106    -3.03258    -2.99745 0.000256435
   -12.0854     9.87378   -0.882807     1.86714     -3.0987    -2.92981 1.39413e-05
    -11.9043      10.0989    -0.953763      2.08668     -3.16511     -2.86142 -0.000237283
    -11.7232      10.3253     -1.02469      2.30914     -3.23164     -2.79237 -0.000497498
    -11.5445      10.5513     -1.09489      2.53198     -3.29756     -2.72341 -0.000765029
   -11.3672     10.7758    -1.16459     2.75527    -3.36295    -2.65425 -0.00103813
   -11.1885     10.9985    -1.23455     2.98073     -3.4284    -2.58405 -0.00131429
   -11.0085     11.2174    -1.30453     3.20714    -3.49361    -2.51304 -0.00159041
   -10.8271     11.4306    -1.37426     3.43326    -3.55824    -2.44155 -0.00186283
  -10.6407    11.6379   -1.44453    3.66126   -3.62293   -2.36881 -0.0021262
   -10.4497     11.8378    -1.51487     3.88964    -3.68718     -2.2954 -0.00237592
  -10.2586    12.0276    -1.5837    4.11341    -3.7496   -2.22317 -0.0026132
   -10.0709      12.206    -1.65013     4.32959    -3.80953    -2.15325 -0.00284096
   -9.88758     12.3728    -1.71411     4.53766    -3.86694    -2.08581 -0.00305737
    -9.7056     12.5294    -1.77672     4.74048    -3.92277    -2.01983 -0.00325901
   -9.52231     12.6766    -1.83886     4.94047    -3.97782    -1.95464 -0.00344566
    -9.3375     12.8147    -1.90069     5.13814    -4.03233    -1.89032 -0.00361848
   -9.15254     12.9438    -1.96184     5.33247    -4.08602    -1.82737 -0.00377828
   -8.96974     13.0641    -2.02165     5.52169    -4.13839    -1.76651 -0.00392509
   -8.78842     13.1773    -2.08044     5.70715    -4.18969    -1.70737 -0.00405864
    -8.6057     13.2859    -2.13902     5.89198    -4.24057    -1.64891 -0.00418078
   -8.42165     13.3915    -2.19729     6.07644    -4.29089    -1.59105 -0.00429287
   -8.23878     13.4942     -2.2546     6.25864    -4.34007     -1.5344 -0.00439533
   -8.05704     13.5947    -2.31101     6.43902    -4.38819    -1.47886 -0.00449008
   -7.87407     13.6938     -2.3671     6.61975     -4.4357    -1.42375 -0.00457692
    -7.6879     13.7926    -2.42321     6.80246    -4.48284    -1.36859 -0.00465185
   -7.49751     13.8914     -2.4797     6.98826     -4.5299    -1.31298 -0.00470678
  -7.30317    13.9907   -2.53644    7.17697   -4.57683   -1.25702 -0.0047396
  -7.10757    14.0903   -2.59221    7.36549   -4.62255   -1.20177 -0.0047613
    -6.9131     14.1889    -2.64586     7.55067    -4.66611    -1.14824 -0.00477908
    -6.7184     14.2853    -2.69742     7.73279    -4.70769     -1.0962 -0.00478972
    -6.5217      14.378    -2.74712     7.91267    -4.74761    -1.04526 -0.00479079
   -6.32263     14.4665    -2.79491     8.09037    -4.78594   -0.995341 -0.00478465
    -6.1229     14.5519    -2.84057      8.2652    -4.82251   -0.946624 -0.00477288
   -5.92627     14.6395    -2.88398     8.43694    -4.85729   -0.899393 -0.00475643
 -5.73525   14.7427  -2.92596   8.61032   -4.8911 -0.853088 -0.004739
   -5.55237      14.881    -2.96803     8.79398    -4.92531   -0.806254 -0.00472361
   -5.38152      15.071    -3.01139     8.99515      -4.961   -0.757508 -0.00471083
   -5.22647      15.321    -3.05651     9.21644    -4.99852   -0.706372 -0.00470348
   -5.08994     15.6346    -3.10323     9.45703     -5.0376   -0.653072 -0.00470626
   -4.97327      16.008    -3.15121      9.7151    -5.07784   -0.597782 -0.00471861
   -4.87662     16.4273    -3.19981     9.98676    -5.11884   -0.540885 -0.00473488
   -4.79936     16.8756    -3.24829     10.2673     -5.1601   -0.482951 -0.00474977
   -4.74033     17.3398    -3.29595      10.553    -5.20112   -0.424522 -0.00476143
    -4.6975     17.8027    -3.34173     10.8365    -5.24096   -0.366908 -0.00476792
   -4.66845     18.2451    -3.38456     11.1086    -5.27865   -0.311726 -0.00476677
   -4.65114     18.6554    -3.42395     11.3651    -5.31382   -0.259735 -0.00475786
   -4.64364     19.0246     -3.4596     11.6038    -5.34634   -0.211209 -0.00473915
   -4.64372     19.3413      -3.491     11.8222    -5.37595   -0.166484 -0.00470454
   -4.64904     19.5961    -3.51764     12.0171    -5.40232   -0.126186 -0.00464915
   -4.65732      19.784    -3.53905     12.1856    -5.42501  -0.0910166 -0.00457228
   -4.66648     19.9027    -3.55485     12.3271    -5.44377  -0.0611008 -0.00447348
   -4.67472     19.9507    -3.56479     12.4417    -5.45846  -0.0363993 -0.00435328
   -4.68082     19.9291    -3.56893     12.5293     -5.4691  -0.0168818 -0.00421457
   -4.68407     19.8419    -3.56765     12.5922    -5.47611 -0.00197478 -0.00406186
   -4.68429     19.6968    -3.56145     12.6348    -5.48009  0.00922008 -0.00390213
   -4.68185     19.5044     -3.5511     12.6613    -5.48163   0.0174313 -0.00374223
   -4.67755     19.2771    -3.53758     12.6751    -5.48135   0.0232495 -0.00358726
   -4.67309     19.0256    -3.52177     12.6809    -5.47999   0.0276713 -0.00343856
   -4.67068       18.76    -3.50434     12.6847    -5.47828   0.0318132 -0.00329536
   -4.67179     18.4903    -3.48577     12.6895    -5.47653   0.0361512 -0.00315933
   -4.67681     18.2238    -3.46662     12.6964    -5.47491   0.0407174 -0.00303181
   -4.68557      17.966    -3.44745     12.7051    -5.47353   0.0454492 -0.00291209
   -4.69863     17.7223    -3.42852     12.7169    -5.47253   0.0504585 -0.00280069
   -4.71665     17.4978    -3.41014     12.7334    -5.47214   0.0559424 -0.00269979
  -4.73991    17.2969   -3.39285    12.7555   -5.47263  0.0620062 -0.0026108
   -4.76967     17.1217     -3.3769     12.7845    -5.47423   0.0689745 -0.00253172
   -4.80796     16.9732    -3.36228      12.822    -5.47709   0.0773441 -0.00245954
    -4.8553     16.8541    -3.34911      12.869    -5.48118   0.0873416 -0.00239372
   -4.91086     16.7657    -3.33753     12.9247    -5.48635   0.0989132 -0.00233389
   -4.97528     16.7062    -3.32735     12.9887    -5.49248    0.112088 -0.00227814
   -5.05052     16.6727    -3.31816     13.0612    -5.49944    0.126971 -0.00222513
   -5.13658     16.6617    -3.30979      13.141    -5.50704    0.143402 -0.00217466
   -5.23167       16.67    -3.30224     13.2261    -5.51507     0.16103 -0.00212746
   -5.33734     16.6957    -3.29501     13.3163    -5.52322    0.179757 -0.00208598
   -5.45695     16.7346    -3.28725     13.4114    -5.53106    0.199588 -0.00205217
  -5.59016    16.7819   -3.27854    13.5097   -5.53825   0.220249 -0.0020268
   -5.73339     16.8363    -3.26896      13.609    -5.54453    0.241286 -0.00201044
  -5.88268    16.8954   -3.25881    13.7072   -5.54989   0.262282 -0.0020014
   -6.03669     16.9556    -3.24827     13.8029    -5.55453    0.283128 -0.00199621
   -6.19683     17.0136     -3.2374     13.8959     -5.5587    0.304071 -0.00199121
  -6.36562    17.0687    -3.2262    13.9867   -5.56258   0.325533 -0.0019845
   -6.54337      17.124    -3.21494     14.0763    -5.56636     0.34782 -0.00197712
   -6.72775     17.1812    -3.20404     14.1649    -5.57022    0.370888 -0.00197025
   -6.91954     17.2364    -3.19345     14.2517    -5.57431    0.394537 -0.00196397
   -7.11911     17.2853    -3.18299     14.3356    -5.57864    0.418521 -0.00195777
   -7.32378     17.3241    -3.17263      14.415    -5.58309     0.44251 -0.00194976
   -7.53465     17.3507    -3.16208     14.4892    -5.58751    0.466416 -0.00193843
   -7.75577     17.3666    -3.15099     14.5593    -5.59176    0.490365 -0.00192552
   -7.98676     17.3721     -3.1392      14.625    -5.59565    0.514108 -0.00191323
   -8.22399     17.3655    -3.12675     14.6851    -5.59906    0.537258 -0.00190207
   -8.47063     17.3431    -3.11326     14.7388    -5.60192    0.559613 -0.00189085
   -8.73349        17.3    -3.09818     14.7856    -5.60417    0.581078 -0.00187746
   -9.01048     17.2417    -3.08173     14.8267     -5.6057    0.601901 -0.00186352
   -9.29512     17.1777     -3.0646     14.8641    -5.60652    0.622347 -0.00185187
   -9.58661     17.1097    -3.04693     14.8981    -5.60667    0.642336 -0.00184187
    -9.8872     17.0374    -3.02868     14.9287    -5.60621    0.661759 -0.00183286
    -10.199     16.9631    -3.00992     14.9568    -5.60521    0.680533 -0.00182743
     -10.52     16.8866    -2.99076     14.9822    -5.60377    0.698242 -0.00182721
   -10.8449     16.8049    -2.97129     15.0034    -5.60189     0.71426 -0.00183153
   -11.1732      16.715    -2.95128     15.0195    -5.59954    0.728084 -0.00183928
    -11.509     16.6145    -2.93031     15.0301    -5.59657     0.73946 -0.00184808
   -11.8515     16.5063    -2.90844     15.0357    -5.59289    0.748496 -0.00185607
  -12.1961    16.3944   -2.88606    15.0374   -5.58858   0.755271 -0.0018623
   -12.5439     16.2772    -2.86316      15.035    -5.58373    0.759651 -0.00186591
   -12.8998     16.1515     -2.8394     15.0281    -5.57829     0.76145 -0.00186847
   -13.2675     16.0167     -2.8144     15.0166    -5.57203    0.760452 -0.00187484
   -13.6509     15.8704    -2.78778     15.0002    -5.56481    0.756474 -0.00188934
   -14.0494     15.7103    -2.75955     14.9786    -5.55683    0.749523 -0.00191297
    -14.454     15.5386    -2.73021     14.9523    -5.54827    0.739835 -0.00194414
   -14.8583     15.3575    -2.70016     14.9216    -5.53927    0.727619 -0.00197947
   -15.2645     15.1646    -2.66939     14.8861       -5.53    0.712981 -0.00201533
   -15.6719     14.9594    -2.63805     14.8458    -5.52058    0.696174 -0.00204929
    -16.076     14.7461    -2.60655      14.802    -5.51113    0.677692 -0.00208143
   -16.4789     14.5288    -2.57517      14.756    -5.50177    0.658049 -0.00211336
    -16.888     14.3084    -2.54392     14.7089    -5.49257    0.637558 -0.00214536
   -17.3037     14.0865    -2.51307     14.6614    -5.48373    0.616468 -0.00217685
   -17.7215     13.8663    -2.48304     14.6144     -5.4754    0.594971 -0.00220765
   -18.1436     13.6486    -2.45388     14.5685    -5.46764    0.573123 -0.00223738
   -18.5769     13.4319    -2.42534     14.5237    -5.46033    0.551115 -0.00226515
  -19.0202    13.2173   -2.39755    14.4804   -5.45342   0.529402 -0.0022897
   -19.4675     13.0089    -2.37088     14.4398    -5.44696     0.50837 -0.00230968
   -19.9191     12.8029     -2.3452     14.4008    -5.44089    0.488165 -0.00232213
   -20.3831     12.5925    -2.32001      14.362    -5.43498    0.468616 -0.00232459
   -20.8622     12.3818    -2.29539     14.3248     -5.4292    0.449386 -0.00231799
   -21.3529     12.1741    -2.27141     14.2901    -5.42347    0.430216 -0.00230268
   -21.8573     11.9667     -2.2476     14.2569    -5.41745    0.410734 -0.00227844
    -22.379      11.757    -2.22344     14.2245    -5.41077    0.390692 -0.00224706
   -22.9119     11.5448    -2.19886     14.1923    -5.40335    0.370141 -0.00221026
  -23.4464    11.3319   -2.17398      14.16   -5.39525   0.349023 -0.0021681
   -23.9815      11.116    -2.14849     14.1269    -5.38636    0.327028 -0.00211911
   -24.5217     10.8928    -2.12169     14.0918    -5.37636    0.303803 -0.00206149
   -25.0645     10.6612    -2.09331      14.054    -5.36503    0.279257 -0.00199393
   -25.6017     10.4226    -2.06359     14.0133     -5.3525    0.253601 -0.00191545
   -26.1337     10.1778    -2.03257     13.9702    -5.33886    0.227097 -0.00182523
   -26.6614     9.92926    -2.00048     13.9256    -5.32418    0.200223 -0.00172212
   -27.1794     9.68144    -1.96779     13.8804    -5.30865    0.173458 -0.00160683
   -27.6898     9.43538    -1.93448     13.8351    -5.29221    0.146783 -0.00148471
   -28.2031     9.18936    -1.90011     13.7901    -5.27462    0.119792 -0.00136078
   -28.7274     8.94152    -1.86433     13.7453    -5.25565   0.0918732 -0.00123618
   -29.2587     8.69141    -1.82734     13.7007    -5.23545    0.062778 -0.00111123
    -29.7854         8.44     -1.78966       13.656     -5.21446    0.0328618 -0.000986208
   -30.3043     8.18699    -1.75142     13.6112     -5.1928  0.00233435 -0.00086019
     -30.819      7.93102     -1.71234      13.5663     -5.17032   -0.0289122 -0.000731652
    -31.3282      7.67361      -1.6726      13.5216     -5.14707   -0.0605401 -0.000600577
    -31.8263      7.41825     -1.63273      13.4777     -5.12341    -0.091933 -0.000467614
    -32.3147      7.16561     -1.59262      13.4346     -5.09932     -0.12307 -0.000332593
       -32.8      6.91426     -1.55167      13.3923     -5.07437     -0.15431 -0.000196589
    -33.2825        6.665     -1.50982      13.3508     -5.04855    -0.185534 -6.22369e-05
  -33.757    6.4198  -1.46748   13.3102  -5.02206  -0.21638 6.771e-05
   -34.2246     6.17742    -1.42429     13.2698    -4.99463   -0.247136 0.000190268
   -34.6915      5.9355    -1.37957     13.2291    -4.96572   -0.278334 0.000301796
   -35.1573      5.6956    -1.33348     13.1884    -4.93537   -0.309765 0.000398212
   -35.6165     5.46134    -1.28686     13.1485    -4.90414   -0.340876 0.000475183
   -36.0738     5.23245    -1.23974     13.1099    -4.87203   -0.371963 0.000532988
   -36.5363     5.00744    -1.19194     13.0726    -4.83888   -0.403514 0.000578168
   -36.9998     4.78821    -1.14434     13.0375    -4.80544   -0.435201 0.000615776
   -37.4567     4.57692    -1.09806     13.0052    -4.77272   -0.466574 0.000647586
   -37.9044     4.37268    -1.05355     12.9758    -4.74113   -0.497736 0.000674904
   -38.3487     4.17307    -1.01054     12.9488    -4.71023    -0.52942 0.000696837
  -38.7975    3.97701  -0.968773    12.9243   -4.67946  -0.562185 0.00071061
   -39.2499     3.78563   -0.928509     12.9025    -4.64881   -0.595729 0.000713866
  -39.7004     3.6013  -0.890224    12.8835   -4.61857  -0.629519 0.00070317
   -40.1493       3.425   -0.854023     12.8672    -4.58853   -0.663743 0.000675087
   -40.6015     3.25451   -0.819595     12.8526    -4.55803   -0.699256 0.000628968
   -41.0565     3.08589   -0.786728     12.8386    -4.52706   -0.736646 0.000565273
   -41.5082     2.91798   -0.755499     12.8242    -4.49595   -0.775684 0.000484489
   -41.9558     2.75144   -0.725944     12.8092    -4.46445   -0.816169 0.000389028
 -42.3989   2.58686 -0.698123   12.7933  -4.43241 -0.857801 0.0002829
   -42.8332     2.42584   -0.672354     12.7771    -4.40024   -0.899897 0.000168983
   -43.2636     2.26795   -0.648844     12.7605    -4.36763   -0.942914 4.88298e-05
    -43.7009      2.10968    -0.627582      12.7431     -4.33393    -0.988194 -7.65464e-05
    -44.151     1.94777   -0.608631      12.726    -4.29972    -1.03642 -0.00020422
    -44.6141      1.78223    -0.592232      12.7113     -4.26646     -1.08721 -0.000328305
    -45.0853      1.61695    -0.578684      12.7008     -4.23524      -1.1396 -0.000443329
    -45.5601       1.4558    -0.568172      12.6948     -4.20599     -1.19309 -0.000547634
    -46.0358      1.29901    -0.560569      12.6918     -4.17779     -1.24787 -0.000642379
     -46.509      1.14564    -0.555623      12.6894     -4.14944     -1.30407 -0.000726941
    -46.9736     0.995862     -0.55302       12.686     -4.12039     -1.36132 -0.000799412
   -47.4231    0.851082   -0.552441     12.6809    -4.09082    -1.41886 -0.00085736
    -47.8595     0.711799    -0.553848      12.6748     -4.06077     -1.47678 -0.000895654
    -48.2898     0.576399    -0.557398      12.6685      -4.0301     -1.53574 -0.000909399
    -48.7149     0.444511    -0.563091      12.6624     -3.99902     -1.59552 -0.000898207
    -49.1293     0.318348    -0.570801      12.6565     -3.96781      -1.6551 -0.000865635
    -49.5299     0.198372    -0.580523      12.6497     -3.93593     -1.71429 -0.000815466
     -49.918    0.0808285    -0.592291      12.6403     -3.90243     -1.77396 -0.000749112
    -50.2922   -0.0373053    -0.605888      12.6269     -3.86706     -1.83427 -0.000667498
    -50.6493    -0.154898      -0.6213       12.609     -3.82964     -1.89482 -0.000573595
    -50.9904    -0.271188    -0.639042      12.5862     -3.78925     -1.95606 -0.000471451
    -51.3139    -0.389172    -0.658801      12.5575     -3.74586     -2.01794 -0.000365261
    -51.6147    -0.511749    -0.679748      12.5218     -3.70005     -2.07972 -0.000258458
    -51.8897    -0.640257    -0.701458      12.4785      -3.6519     -2.14104 -0.000152864
    -52.1362    -0.773808    -0.723549      12.4275     -3.60182     -2.20128 -4.96466e-05
   -52.3546    -0.91128    -0.74612     12.3693    -3.54996    -2.26033 5.09509e-05
   -52.5484    -1.05508   -0.769634     12.3037    -3.49595    -2.31898 0.000149583
   -52.7191    -1.20592   -0.794071     12.2311    -3.44011    -2.37732 0.000246261
   -52.8668    -1.35854   -0.819318     12.1538    -3.38332    -2.43442 0.000341144
   -52.9943    -1.50702   -0.846171     12.0745    -3.32574    -2.49002 0.000435757
    -53.105    -1.64962   -0.875139     11.9945    -3.26757    -2.54417 0.000531083
   -53.1999    -1.78535   -0.905945     11.9154    -3.20959     -2.5964 0.000626858
   -53.2821    -1.91152   -0.939197     11.8387    -3.15191    -2.64688 0.000723022
   -53.3557    -2.02726   -0.976046     11.7654    -3.09408    -2.69638 0.000821106
   -53.4221    -2.13508    -1.01639     11.6953    -3.03625    -2.74516 0.000924327
  -53.4821   -2.22647   -1.06046    11.6312   -2.97895   -2.79239 0.00103055
  -53.5381    -2.2921   -1.10963    11.5767   -2.92196   -2.83803 0.00113769
  -53.5917   -2.34268   -1.16305    11.5289   -2.86536   -2.88289 0.00125359
  -53.6422   -2.38669   -1.21906    11.4851   -2.80972   -2.92699 0.00138423
    -53.69   -2.42045    -1.2781    11.4466   -2.75483    -2.9702 0.00152888
  -53.7368   -2.44172   -1.34116    11.4142   -2.70023   -3.01287 0.00168847
  -53.7836   -2.45315   -1.40786    11.3874   -2.64613   -3.05512 0.00186678
  -53.8297   -2.45934   -1.47684    11.3645   -2.59312   -3.09681 0.00206551
  -53.8741   -2.46451   -1.54763    11.3438   -2.54097   -3.13828 0.00228137
  -53.9156   -2.47452   -1.62063    11.3231   -2.48891   -3.18039 0.00251052
  -53.9537    -2.4966   -1.69524    11.2998   -2.43693   -3.22353 0.00275154
  -53.9874   -2.53334   -1.77022    11.2731   -2.38554   -3.26727 0.00299859
  -54.0152   -2.57992   -1.84581    11.2441   -2.33466   -3.31109 0.00323946
  -54.0364   -2.63086   -1.92325    11.2146   -2.28387   -3.35484 0.00346461
  -54.0509    -2.6855   -2.00243    11.1848   -2.23326   -3.39838 0.00367096
  -54.0592   -2.74325   -2.08227    11.1547    -2.1834   -3.44123 0.00385586
  -54.0597   -2.80033   -2.16339    11.1252   -2.13396   -3.48338 0.00401386
  -54.0493    -2.8554   -2.24721    11.0957   -2.08393   -3.52529 0.00414092
  -54.0236   -2.91182   -2.33345     11.064   -2.03284   -3.56692 0.00423836
  -53.9802    -2.9702   -2.42038    11.0289    -1.9812   -3.60739 0.00431005
  -53.9202   -3.02519   -2.50646    10.9923   -1.93001   -3.64553 0.00435709
  -53.8465   -3.07314    -2.5916    10.9564   -1.87965   -3.68115 0.00438013
 -53.7617  -3.11618  -2.67655   10.9211  -1.82985  -3.71501 0.0043831
 -53.6675  -3.15359  -2.76234   10.8876  -1.78041  -3.74754 0.0043677
  -53.5653   -3.18219   -2.84889    10.8572   -1.73165   -3.77841 0.00433292
  -53.4559   -3.20389   -2.93475    10.8291   -1.68412   -3.80728 0.00428033
 -53.3384  -3.22054  -3.01976   10.8024  -1.63768  -3.83422 0.0042092
  -53.2092   -3.23556   -3.10486    10.7754   -1.59159   -3.85965 0.00411635
  -53.0656   -3.25816   -3.18966    10.7443   -1.54547     -3.884 0.00400264
 -52.9081   -3.2933  -3.27307   10.7071  -1.49967  -3.90725 0.0038707
  -52.7374   -3.34352   -3.35561    10.6635   -1.45413   -3.92981 0.00372184
  -52.5511   -3.41621   -3.43868    10.6112   -1.40821   -3.95262 0.00355783
  -52.3497   -3.51507    -3.5222    10.5489   -1.36198   -3.97591 0.00338145
  -52.1347   -3.63933   -3.60639    10.4774   -1.31565   -3.99981 0.00319533
  -51.9052    -3.7868   -3.69368    10.3983   -1.26884   -4.02497 0.00299978
  -51.6646   -3.95424   -3.78439    10.3138   -1.22187   -4.05148 0.00279495
  -51.4193    -4.1409   -3.87634    10.2244   -1.17567   -4.07889 0.00258398
  -51.1712   -4.34355   -3.96922    10.1312   -1.13054   -4.10702 0.00237024
    -50.92   -4.55304   -4.06434    10.0383    -1.0865   -4.13563 0.00215476
  -50.6656    -4.7629   -4.16261    9.94856   -1.04361   -4.16457 0.00193731
  -50.4069   -4.97504   -4.26425    9.86117   -1.00178   -4.19399 0.00171892
 -50.1424  -5.19008  -4.36914   9.77557 -0.960954  -4.22391 0.0015022
  -49.8743   -5.39924   -4.47626    9.69467  -0.921584   -4.25361 0.00129046
  -49.6071   -5.59319    -4.5839    9.62176  -0.884271   -4.28222 0.00108653
    -49.341    -5.76929    -4.69204     9.55785   -0.848999    -4.30969 0.000891352
   -49.0754     -5.9273    -4.80083       9.503   -0.815641    -4.33618 0.000705838
   -48.8124    -6.07064    -4.90931     9.45586    -0.78423     -4.3619 0.000531964
   -48.5496    -6.20584    -5.01821     9.41415   -0.754381     -4.3876 0.000371197
   -48.2816    -6.33585    -5.12954     9.37712   -0.725581    -4.41404 0.000224791
  -48.0075   -6.46205   -5.24342    9.34428   -0.69774   -4.44142 9.5088e-05
    -47.7263     -6.57397     -5.35967      9.31963    -0.671093     -4.46907 -1.88579e-05
    -47.4297     -6.66418     -5.48012      9.30643    -0.645415     -4.49685 -0.000120936
    -47.1159      -6.7545      -5.6047      9.29635    -0.620218     -4.52598 -0.000210017
    -46.7892     -6.85959     -5.73159      9.28308    -0.595456     -4.55685 -0.000283801
    -46.4448     -6.97218     -5.86117      9.26914    -0.571106     -4.58883 -0.000344611
    -46.0762      -7.0879      -5.9944      9.25633    -0.547023     -4.62157 -0.000395953
    -45.6852     -7.20868     -6.13027      9.24357    -0.523282     -4.65483 -0.000438301
    -45.2783      -7.3335      -6.2665       9.2304     -0.50019     -4.68804 -0.000469954
  -44.8551   -7.45495   -6.40241    9.21931  -0.477917   -4.72046 -0.0004908
    -44.4156     -7.56583     -6.53745      9.21279    -0.456586     -4.75147 -0.000501696
   -43.9657    -7.66461    -6.66995     9.21087   -0.436382    -4.78066 -0.00050409
     -43.504     -7.75335     -6.79995        9.213    -0.417224     -4.80815 -0.000502592
    -43.0245     -7.83303     -6.92894      9.21986    -0.398902     -4.83439 -0.000503165
    -42.5224      -7.9067     -7.05815      9.23119    -0.381219     -4.85994 -0.000508164
   -42.0001    -7.97967    -7.18724     9.24466   -0.364121    -4.88522 -0.00051485
   -41.4662    -8.04913    -7.31436     9.26041   -0.347807    -4.90984 -0.00051988
    -40.9167      -8.1108     -7.43978      9.28026    -0.332247     -4.93357 -0.000523253
    -40.3389     -8.16942     -7.56545      9.30341    -0.317135     -4.95682 -0.000528062
   -39.7365    -8.22747    -7.69075     9.32878   -0.302478    -4.97964 -0.00053908
    -39.1202     -8.27912     -7.81346      9.35732    -0.288489     -5.00143 -0.000560285
    -38.4918     -8.31914      -7.9328      9.39019    -0.275185     -5.02175 -0.000594425
    -37.8581     -8.34673     -8.04766       9.4269    -0.262601     -5.04035 -0.000643658
    -37.2367     -8.35782     -8.15531      9.46755    -0.250988     -5.05657 -0.000708374
    -36.6445     -8.34481     -8.25308      9.51368    -0.240626     -5.06961 -0.000787059
    -36.0935     -8.30009     -8.33923      9.56756    -0.231724     -5.07891 -0.000876817
     -35.592     -8.21791      -8.4128      9.63115    -0.224399     -5.08414 -0.000974219
   -35.1446    -8.09728    -8.47359      9.7048   -0.218656    -5.08533 -0.00107646
   -34.7531    -7.93865    -8.52189     9.78853   -0.214448    -5.08265 -0.00118066
   -34.4173    -7.74245    -8.55838     9.88264   -0.211711    -5.07633 -0.00128369
    -34.135    -7.51057    -8.58402     9.98697   -0.210349    -5.06673 -0.00138275
   -33.9031    -7.24574    -8.59997     10.1011   -0.210249    -5.05425 -0.00147521
   -33.7174    -6.95184     -8.6075     10.2241   -0.211276    -5.03934 -0.00155888
   -33.4982    -6.64868    -8.61805     10.3544   -0.212251    -5.02449 -0.00163559
   -33.1002    -6.36968    -8.65188     10.4902   -0.211092    -5.01416 -0.00171191
   -32.4757    -6.13057    -8.71486     10.6287   -0.207069    -5.00986 -0.00179125
   -31.6726     -5.9277     -8.7984     10.7652    -0.20078    -5.00964 -0.00187166
   -30.7412    -5.75576    -8.89385     10.8952   -0.192886    -5.01148 -0.00195045
    -29.715    -5.61323    -8.99554     11.0152   -0.183873    -5.01427 -0.00202609
   -28.6163    -5.50095    -9.10002      11.123   -0.174115     -5.0175 -0.00209944
    -27.474    -5.41689    -9.20431      11.218   -0.164036    -5.02083 -0.00217209
     -26.32    -5.35688     -9.3057     11.3006   -0.154042      -5.024 -0.00224407
   -25.1707    -5.31971    -9.40342     11.3718   -0.144387    -5.02734 -0.00231422
   -24.0293    -5.30681    -9.49808     11.4329   -0.135189    -5.03147 -0.00238259
   -22.9052     -5.3168    -9.58907     11.4843   -0.126543    -5.03638 -0.00245219
   -21.8133    -5.34586    -9.67519     11.5268    -0.11853    -5.04187 -0.00252695
  -20.7559   -5.39402   -9.75687    11.5613  -0.111137   -5.04835 -0.0026098
   -19.7248    -5.46531    -9.83567     11.5885   -0.104266    -5.05666 -0.00270042
   -18.7216    -5.56124    -9.91214     11.6084  -0.0978548    -5.06719 -0.00279643
  -17.7552   -5.67959   -9.98557    11.6205 -0.0918812   -5.07961 -0.0028967
   -16.8175    -5.82177    -10.0564     11.6245  -0.0862653    -5.09391 -0.00299953
     -15.89    -5.99137    -10.1262     11.6209  -0.0809109    -5.11055 -0.00310208
   -14.9755    -6.18477    -10.1951     11.6114  -0.0758181    -5.12934 -0.00320377
   -14.0886    -6.39475    -10.2619     11.5964  -0.0710138    -5.14948 -0.00330548
   -13.2311    -6.61824    -10.3262     11.5765  -0.0664851    -5.17065 -0.00340445
   -12.3945    -6.85605    -10.3892      11.553  -0.0622014    -5.19314 -0.00349709
   -11.5684    -7.11003    -10.4515     11.5261  -0.0581093    -5.21714 -0.00358244
   -10.7519    -7.37766    -10.5129     11.4957  -0.0541891    -5.24223 -0.00365806
   -9.95272    -7.65216    -10.5727     11.4636  -0.0504756    -5.26792 -0.00372089
    -9.1677    -7.93078    -10.6313     11.4316  -0.0469564    -5.29422 -0.00377208
   -8.38522    -8.21535    -10.6893     11.3998  -0.0435533    -5.32128 -0.00381727
   -7.59594     -8.5075    -10.7473     11.3681  -0.0401953    -5.34932 -0.00386037
   -6.80114     -8.8056    -10.8051     11.3367  -0.0368626    -5.37816 -0.00390231
    -6.0114    -9.10592     -10.862     11.3052  -0.0335623    -5.40725 -0.00394474
   -5.22621    -9.40798    -10.9174     11.2732    -0.03028    -5.43632 -0.00398685
   -4.43554    -9.71404    -10.9716     11.2402  -0.0269805     -5.4654 -0.00402724
   -3.63196    -10.0262    -11.0245     11.2054  -0.0236203     -5.4945 -0.00406759
   -2.80988    -10.3458    -11.0758     11.1674  -0.0201685     -5.5234 -0.00410729
    -1.9656    -10.6715    -11.1248     11.1263   -0.016637    -5.55173 -0.00414087
   -1.10698    -10.9973    -11.1708     11.0836  -0.0130954    -5.57919 -0.00416372
  -0.253318    -11.3154    -11.2136      11.041 -0.00963384    -5.60538 -0.00417421
   0.586058    -11.6239    -11.2529     10.9988 -0.00628502    -5.63014 -0.00417206
    1.41759    -11.9255    -11.2893     10.9567 -0.00300965     -5.6537 -0.00415924
    2.24196    -12.2214    -11.3232     10.9153 0.000214538    -5.67644 -0.00413851
   3.05169   -12.5094   -11.3549    10.8749 0.00337007   -5.69825 -0.0041105
    3.85118      -12.79    -11.3838     10.8349  0.00648039    -5.71899 -0.00407588
    4.65288    -13.0667    -11.4101     10.7951  0.00959898    -5.73888 -0.00403771
    5.45664    -13.3391    -11.4342     10.7562    0.012722    -5.75803 -0.00399801
    6.25307    -13.6038     -11.456     10.7189   0.0157988    -5.77626 -0.00395498
    7.04519    -13.8607    -11.4753     10.6833   0.0188265    -5.79344 -0.00390644
    7.84535    -14.1133    -11.4925     10.6487   0.0218507    -5.80979 -0.00385213
    8.65285    -14.3613     -11.508     10.6156   0.0248655    -5.82547 -0.00379042
    9.45694    -14.6011    -11.5217     10.5844   0.0278181    -5.84026 -0.00371878
     10.264    -14.8348    -11.5333     10.5538   0.0307298      -5.854 -0.00363555
    11.0836    -15.0667    -11.5428     10.5223   0.0336385     -5.8667 -0.00353758
    11.9056    -15.2955    -11.5503     10.4897   0.0365126    -5.87836 -0.00342269
    12.7144    -15.5198    -11.5562      10.456   0.0393178    -5.88892 -0.00329221
  13.5044  -15.7399  -11.5606   10.4205 0.0420576  -5.89845 -0.003148
     14.287     -15.959    -11.5642      10.383   0.0447801    -5.90735 -0.00299037
