 -0.0369091           0    0.339592           0  -0.0479014   -0.195961   -0.128463
   0.988256     1.10727     2.75786     -1.0422   -0.585574   -0.583982   -0.495885
    5.03102     5.23135      9.3173    -4.90635    -2.24292   -0.610322   -0.938502
    12.3053     12.6113     19.9494    -11.7872    -5.05272 -0.00666559    -1.31221
    21.5776     22.0641      33.312    -20.5717    -8.63967     1.05216    -1.62113
    31.7024     32.4756     48.2957    -30.2116    -12.6931      2.4096    -1.87273
    41.8844     43.0888     64.0051    -39.9185    -16.9554      3.9522    -2.07676
    51.5877     53.4615      79.737     -49.157    -21.2001     5.58987    -2.24007
    60.3807     63.2712     94.9574    -57.5952    -25.2519     7.25115    -2.36701
    68.0451     72.2598     109.279    -65.0789    -29.0082     8.88757    -2.46212
    74.5272     80.2224     122.437    -71.5525    -32.4122     10.4611    -2.52989
    79.7984     87.0245     134.202    -76.9783    -35.4326     11.9536     -2.5725
    83.8775     92.6674     144.375    -81.3338    -38.0628     13.3607    -2.59023
    86.8558      97.182     152.875    -84.6554    -40.3066     14.6711    -2.58851
    88.7889     100.523     159.647    -86.9704    -42.1735     15.8836    -2.57645
    89.6984     102.692     164.652    -88.3157    -43.6832     17.0074    -2.55915
    89.6585      103.78     167.968    -88.7927    -44.8605     18.0393    -2.53844
    88.7846     103.918      169.74    -88.5194    -45.7331     18.9755    -2.51585
    87.2064     103.263     170.136    -87.6044    -46.3302     19.8229    -2.49259
     85.055     101.979     169.334    -86.1458    -46.6831      20.592    -2.46961
     82.449     100.204     167.505    -84.2363    -46.8304     21.2932     -2.4476
    79.4936     98.0572     164.812    -81.9788    -46.8189     21.9392    -2.42708
    76.2803     95.6456     161.427    -79.4748    -46.6962      22.541    -2.40837
    72.8919     93.0586     157.518    -76.8095    -46.4977     23.1045    -2.39167
    69.4014     90.3656     153.232    -74.0587     -46.244     23.6308    -2.37704
    65.8862      87.632     148.712    -71.3004    -45.9482     24.1156    -2.36448
    62.4288     84.9224     144.095    -68.5998    -45.6218     24.5526    -2.35609
    59.0484     82.2576     139.425    -65.9692    -45.2766     24.9497     -2.3555
    55.7061     79.6286     134.667    -63.3864    -44.9266     25.3292    -2.36301
    52.4127     77.0596     129.855    -60.8622    -44.5825     25.7023    -2.37642
    49.2209     74.5855     125.095    -58.4321    -44.2501     26.0646    -2.39385
    46.1256     72.1927     120.416    -56.0906    -43.9291     26.4216    -2.41373
    43.0738     69.8404     115.774    -53.8071    -43.6165      26.791    -2.43482
    40.0605      67.524     111.188    -51.5915    -43.3164      27.177     -2.4561
    37.1314     65.2803     106.734    -49.4785     -43.036     27.5713    -2.47682
    34.2909      63.121     102.412    -47.4615    -42.7799     27.9761    -2.49642
    31.4745     61.0014     98.1247    -45.4914    -42.5443     28.4057    -2.51668
    28.6418     58.8907     93.8206    -43.5469    -42.3191     28.8658    -2.54113
    25.8458     56.8254     89.5838    -41.6637    -42.1027     29.3423     -2.5701
     23.153     54.8455      85.511    -39.8844    -41.8982      29.813    -2.60152
    20.5552     52.9368     81.5824    -38.2085    -41.7118     30.2767    -2.63376
    18.0013     51.0633     77.7135    -36.6029    -41.5517     30.7498    -2.66552
    15.4834     49.2193     73.8911    -35.0577     -41.415     31.2273    -2.69586
    13.0359     47.4273     70.1679    -33.5926    -41.2918     31.6921    -2.72628
    10.6548     45.6797     66.5337    -32.2024    -41.1742     32.1447    -2.76009
    8.31635     43.9413     62.9252    -30.8512    -41.0562     32.5903    -2.79751
    6.04726      42.213     59.3461    -29.5281    -40.9331     33.0199    -2.83642
    3.90238     40.5181     55.8569    -28.2474    -40.8016     33.4252    -2.87732
     1.8868     38.8408     52.4476    -27.0009    -40.6616      33.818    -2.92271
 -0.0506835     37.1502     49.0436    -25.7635    -40.5198     34.2165    -2.97216
   -1.92847     35.4602      45.641    -24.5337    -40.3836     34.6211    -3.02303
    -3.7256     33.8089     42.3009    -23.3276    -40.2541     35.0233    -3.07544
   -5.47503     32.1825       38.98    -22.1272    -40.1231     35.4319    -3.13379
   -7.24487     30.5281      35.551    -20.8954     -39.978     35.8579    -3.20121
    -9.0353      28.848     32.0146    -19.6401    -39.8161     36.2869    -3.27543
   -10.8089     27.1819     28.4572    -18.3917    -39.6448     36.7061     -3.3523
   -12.5701     25.5362     24.8978    -17.1552    -39.4764     37.1278    -3.43078
   -14.3366      23.892      21.322    -15.9284    -39.3203     37.5653     -3.5122
   -16.1077      22.235     17.7308     -14.715    -39.1679     38.0156    -3.59747
    -17.869     20.5779     14.1607    -13.5233    -39.0059      38.469    -3.68714
   -19.5913     18.9486      10.674    -12.3704    -38.8334     38.9095    -3.77932
   -21.2724     17.3306     7.25043    -11.2564    -38.6566     39.3299    -3.87248
   -22.9395      15.674     3.79654    -10.1625    -38.4825     39.7405    -3.96979
   -24.5862     13.9791    0.306897    -9.09137     -38.314     40.1385     -4.0735
   -26.1759       12.28    -3.15704    -8.06755    -38.1511     40.5159    -4.18076
   -27.7014       10.57    -6.61393    -7.09645    -37.9936     40.8823    -4.28929
   -29.1776     8.83552    -10.1016    -6.16282    -37.8433     41.2499    -4.39949
   -30.5945     7.09914    -13.5891    -5.26553    -37.7014     41.6147     -4.5116
   -31.9512     5.37353    -17.0764    -4.40838    -37.5639     41.9717    -4.62793
   -33.2721     3.66793    -20.5986    -3.59288    -37.4258      42.326    -4.75226
   -34.5537     2.01634    -24.1637    -2.83635    -37.2766     42.6773     -4.8872
   -35.7717    0.438105    -27.7703    -2.16167    -37.1001     43.0189    -5.03434
    -36.919     -1.0684    -31.3926    -1.55998    -36.8914     43.3481    -5.19233
   -37.9973     -2.4976    -34.9637   -0.998717    -36.6608     43.6634    -5.35541
   -39.0008    -3.83863     -38.417   -0.463538    -36.4237     43.9619    -5.51905
   -39.9324    -5.10469    -41.7469   0.0514542     -36.194     44.2487    -5.68415
   -40.8013     -6.3175    -44.9651    0.551406    -35.9796      44.532    -5.85134
   -41.6118    -7.47227    -48.0432      1.0173    -35.7842     44.8141    -6.01886
   -42.3786    -8.56731    -50.9936     1.41246    -35.6054     45.0968    -6.18753
   -43.1188    -9.60797     -53.877     1.71143    -35.4342     45.3812    -6.36011
   -43.8323     -10.577    -56.6946     1.90988    -35.2658      45.664     -6.5364
   -44.5063    -11.4593    -59.4029     2.01373     -35.101     45.9359    -6.71392
   -45.1324    -12.2738    -62.0133     2.03067    -34.9399     46.1972    -6.89514
   -45.7148    -13.0557    -64.5732     1.96944    -34.7828     46.4545    -7.08612
   -46.2586    -13.8142    -67.0732      1.8393    -34.6296     46.6981     -7.2868
   -46.7592    -14.5435     -69.473     1.66128    -34.4758     46.9165    -7.49245
    -47.215    -15.2629    -71.8099     1.49392    -34.3115      47.115    -7.70585
   -47.6169    -15.9877    -74.1495     1.38712    -34.1294     47.3006    -7.93536
   -47.9414    -16.6921    -76.4593     1.32396    -33.9292     47.4678    -8.18028
   -48.1916    -17.3759      -78.71     1.27258    -33.7198     47.6156    -8.43517
   -48.4049    -18.0903    -80.9632     1.22015    -33.5147     47.7523    -8.69995
   -48.6059      -18.85    -83.2538     1.15698    -33.3155     47.8805    -8.97422
   -48.7911     -19.614    -85.5368     1.07608    -33.1143     47.9978      -9.253
   -48.9486    -20.3463    -87.7491    0.978592    -32.9076      48.103    -9.52802
   -49.0754    -21.0438    -89.8862     0.87181    -32.6927     48.1954    -9.79747
   -49.1792    -21.7191    -91.9822    0.761568    -32.4701     48.2751    -10.0667
   -49.2621    -22.3735    -94.0236    0.652405    -32.2426     48.3424    -10.3377
   -49.3217    -23.0085    -95.9959    0.547728    -32.0103     48.3981    -10.6138
   -49.3617     -23.635    -97.9258    0.449968    -31.7757     48.4431    -10.8978
   -49.3808    -24.2526    -99.8113    0.360737    -31.5428     48.4785    -11.1824
   -49.3697    -24.8427    -101.623    0.280969    -31.3125     48.5054    -11.4602
   -49.3129    -25.3966    -103.366    0.211056    -31.0833      48.525    -11.7343
   -49.2003    -25.9231    -105.067    0.145106    -30.8495     48.5384    -12.0161
   -49.0308    -26.4064    -106.726   0.0726678    -30.6004     48.5466    -12.3116
   -48.8099    -26.8176     -108.31 -0.00811176    -30.3351     48.5506    -12.6163
   -48.5438    -27.1466    -109.789   -0.104212     -30.062     48.5513    -12.9242
   -48.2383    -27.4068    -111.175   -0.232118    -29.7879     48.5495    -13.2352
   -47.9133    -27.6292    -112.513   -0.397406    -29.5178     48.5458    -13.5467
   -47.5891    -27.8293    -113.829   -0.597193    -29.2555     48.5408    -13.8504
   -47.2671    -28.0057    -115.101   -0.828133    -29.0014      48.535    -14.1401
   -46.9346    -28.1675     -116.32     -1.0925     -28.749     48.5288    -14.4203
   -46.5821     -28.322    -117.506    -1.39674    -28.4911     48.5225    -14.7013
   -46.2125    -28.4566     -118.65    -1.73857     -28.229     48.5163    -14.9845
   -45.8286    -28.5623    -119.729    -2.10911    -27.9681     48.5105    -15.2619
   -45.4236    -28.6472    -120.759    -2.51239    -27.7083      48.505    -15.5321
   -44.9885    -28.7134    -121.768    -2.96208    -27.4427     48.5001    -15.8053
   -44.5222    -28.7494    -122.752    -3.45527    -27.1686     48.4957    -16.0867
   -44.0294    -28.7429    -123.702    -3.98829    -26.8885     48.4875    -16.3737
   -43.5008    -28.6628    -124.604    -4.57458    -26.6003     48.4593    -16.6682
   -42.9259    -28.4743    -125.412    -5.21084    -26.3026     48.3952    -16.9717
   -42.3122    -28.1821    -126.103    -5.87532    -26.0032     48.2993    -17.2784
   -41.6711    -27.8121    -126.694    -6.55058    -25.7126      48.187    -17.5814
   -41.0217       -27.4    -127.219    -7.22889    -25.4364     48.0704    -17.8781
   -40.3831    -26.9838     -127.74    -7.92187    -25.1693     47.9543    -18.1731
   -39.7511    -26.5645    -128.288    -8.64366    -24.8987     47.8297    -18.4699
   -39.1039    -26.1154    -128.826    -9.39233    -24.6169     47.6852    -18.7625
   -38.4345    -25.6266    -129.315    -10.1538    -24.3275     47.5239     -19.042
    -37.757    -25.1057    -129.745    -10.9111    -24.0377      47.349    -19.3067
   -37.0775    -24.5501    -130.127     -11.669    -23.7464     47.1563    -19.5642
   -36.3873    -23.9455    -130.477    -12.4489    -23.4442     46.9438    -19.8229
   -35.6842    -23.2871    -130.791    -13.2484    -23.1286     46.7101    -20.0825
   -34.9767     -22.587    -131.063    -14.0535    -22.8091     46.4575    -20.3363
   -34.2573    -21.8464    -131.292     -14.871     -22.493     46.1859    -20.5836
   -33.5068    -21.0494    -131.476    -15.7172    -22.1771     45.8894     -20.833
   -32.7211    -20.1809    -131.601    -16.5978    -21.8567     45.5623    -21.0865
   -31.8982    -19.2182    -131.643    -17.5099    -21.5284     45.1989    -21.3432
   -31.0239    -18.1334    -131.574    -18.4564    -21.1877     44.7942    -21.6069
   -30.1033    -16.9371    -131.393    -19.4322    -20.8381     44.3543    -21.8735
   -29.1552    -15.6688    -131.145    -20.4208    -20.4871     43.8959    -22.1399
    -28.186    -14.3561    -130.896    -21.4153    -20.1359     43.4325    -22.4146
    -27.201    -13.0079    -130.666    -22.4042    -19.7854     42.9677    -22.7016
   -26.2049    -11.6134    -130.418    -23.3732    -19.4386     42.4978    -22.9948
    -25.206    -10.1798    -130.122     -24.318    -19.0996     42.0247    -23.2873
   -24.2202    -8.73719    -129.783    -25.2303    -18.7715     41.5542    -23.5737
   -23.2358    -7.28998    -129.418    -26.1107    -18.4495     41.0818    -23.8525
   -22.2211    -5.84179    -129.037    -26.9725    -18.1256     40.5998    -24.1247
   -21.1667    -4.44611    -128.636    -27.8205    -17.7958     40.1051    -24.3894
   -20.0899    -3.16944    -128.208    -28.6471     -17.464     39.5999    -24.6417
   -19.0139    -2.04432    -127.752    -29.4356    -17.1419      39.095    -24.8783
   -17.9377    -1.06729    -127.248    -30.1863    -16.8356     38.5943    -25.1081
   -16.8468   -0.207661    -126.689    -30.9182    -16.5364     38.0873    -25.3446
   -15.7306    0.575595    -126.067    -31.6406     -16.231     37.5579    -25.5892
   -14.5728     1.32539    -125.348     -32.349    -15.9092     36.9922     -25.836
   -13.3807     2.06154    -124.521    -33.0231    -15.5706     36.3962    -26.0783
   -12.1797     2.78569    -123.622    -33.6485    -15.2241     35.7864    -26.3092
   -10.9754     3.51792    -122.698    -34.2394    -14.8746     35.1692     -26.528
   -9.76749     4.28706    -121.782    -34.8252    -14.5214     34.5454    -26.7433
   -8.56049     5.10908    -120.883    -35.4227    -14.1643     33.9157    -26.9617
   -7.36708     5.97588    -120.012    -36.0207    -13.8053     33.2874    -27.1797
   -6.21021      6.8752     -119.16    -36.5989    -13.4504     32.6705    -27.3899
   -5.09222     7.83353    -118.294    -37.1544    -13.0974     32.0611    -27.5936
   -3.99975     8.87824    -117.399    -37.6975    -12.7382      31.454    -27.7988
   -2.94948     9.99948    -116.494    -38.2247    -12.3755     30.8559    -28.0068
   -1.96188     11.2103    -115.589    -38.7337    -12.0091     30.2651    -28.2187
   -1.02728     12.5498    -114.668    -39.2354    -11.6306     29.6671    -28.4351
  -0.141195     14.0111    -113.718    -39.7263    -11.2425     29.0597    -28.6477
   0.687573     15.5433    -112.744    -40.1925    -10.8537     28.4504    -28.8481
    1.47734     17.1424    -111.725    -40.6361    -10.4577     27.8253    -29.0368
    2.26637     18.8446    -110.612    -41.0711    -10.0392     27.1591    -29.2169
    3.06986     20.6371    -109.379    -41.4966    -9.59366     26.4471    -29.3866
    3.88039     22.4699    -108.054    -41.9007    -9.12957     25.7047    -29.5448
    4.68286     24.3088    -106.693    -42.2748    -8.65827     24.9511    -29.6935
    5.47072      26.155    -105.332    -42.6197    -8.18429     24.1949    -29.8385
    6.24412     28.0048    -103.999    -42.9424    -7.71113     23.4423    -29.9869
    7.00362     29.8275    -102.716    -43.2434    -7.24578     22.7091    -30.1371
    7.76861     31.6283    -101.471    -43.5236    -6.78674     21.9957    -30.2837
     8.5628     33.4397    -100.228    -43.7904    -6.32614     21.2842    -30.4226
    9.38475      35.249    -98.9631    -44.0439    -5.86458     20.5742    -30.5511
     10.214     37.0191    -97.6891    -44.2788    -5.40908     19.8781    -30.6694
    11.0439     38.7599    -96.4042    -44.4917    -4.95826     19.1856    -30.7827
    11.8881     40.5169    -95.0838    -44.6808    -4.50433     18.4711    -30.8948
    12.7469     42.2964    -93.7342    -44.8455    -4.04807     17.7335    -31.0045
    13.5973     44.0562    -92.3842    -44.9861    -3.59666     16.9923    -31.1086
    14.4311     45.7974     -91.015    -45.1097    -3.14449     16.2449    -31.2073
    15.2659     47.5628    -89.5659    -45.2219    -2.68298       15.47    -31.2962
    16.1056     49.3472    -88.0229    -45.3102    -2.21902     14.6633    -31.3661
    16.9348     51.1138    -86.4314    -45.3598    -1.76224     13.8379    -31.4171
    17.7373     52.8399    -84.8389    -45.3724    -1.31537     13.0084    -31.4563
    18.5111     54.5418    -83.2699    -45.3625   -0.873604     12.1778     -31.494
    19.2695     56.2605    -81.7305    -45.3476   -0.430955     11.3393    -31.5402
    20.0229     58.0034    -80.2067    -45.3352   0.0170913     10.4881    -31.5935
    20.7658     59.7338    -78.6931    -45.3251    0.471596     9.62983     -31.646
    21.4849     61.4058    -77.2148    -45.3113    0.924439     8.77757    -31.6939
    22.1849     63.0234    -75.7719    -45.2776     1.37387     7.92366    -31.7368
    22.8792      64.624    -74.3398    -45.2123     1.82522     7.05364    -31.7744
    23.5644     66.2133    -72.9173    -45.1253     2.27592     6.17668    -31.8046
     24.238     67.8144    -71.4913    -45.0305     2.72841     5.29127    -31.8259
    24.9033     69.4629    -70.0343    -44.9215     3.19318     4.37693     -31.842
    25.5492     71.1289    -68.5561    -44.7876     3.66906     3.43873    -31.8558
    26.1679     72.7568    -67.0879    -44.6336      4.1461     2.49652    -31.8651
    26.7729     74.3612    -65.6122    -44.4636     4.62976     1.53067    -31.8665
    27.3748     75.9952    -64.0751    -44.2638     5.13484    0.498791    -31.8552
    27.9634     77.6385    -62.4787    -44.0189     5.65663    -0.59639     -31.826
    28.5268     79.2427    -60.8616    -43.7304     6.18008    -1.72454    -31.7798
     29.066     80.8234    -59.2363    -43.4069     6.70028    -2.87681    -31.7245
    29.5872     82.4208    -57.6067    -43.0559     7.21794     -4.0522    -31.6663
     30.091      84.028    -55.9818    -42.6783     7.73154    -5.24482    -31.6057
    30.5694     85.5979    -54.3799    -42.2757     8.23351    -6.44092    -31.5431
     31.017     87.0959    -52.8258     -41.856     8.71634    -7.61908    -31.4768
    31.4447     88.5491    -51.3074    -41.4199     9.18368     -8.7789    -31.4011
    31.8661     90.0211    -49.7852    -40.9624     9.64317    -9.94027    -31.3144
    32.2776     91.5177    -48.2585    -40.4867     10.0921     -11.103    -31.2179
     32.668     92.9967    -46.7563    -39.9955     10.5224    -12.2451     -31.115
    33.0337     94.4495    -45.2704    -39.4856     10.9372    -13.3638    -31.0107
    33.3731     95.8982    -43.7648    -38.9611      11.348    -14.4771    -30.9067
    33.6812      97.332    -42.2364    -38.4257     11.7572    -15.5881    -30.7999
    33.9505     98.7203    -40.6951    -37.8707     12.1602    -16.6906    -30.6814
    34.1676     100.046    -39.1431    -37.2901     12.5515    -17.7801    -30.5429
    34.3331     101.284    -37.6059    -36.6921     12.9251    -18.8449    -30.3851
    34.4679     102.437    -36.1023    -36.0835     13.2815    -19.8857    -30.2137
     34.584     103.561    -34.6219     -35.458      13.628    -20.9146    -30.0376
    34.6775     104.685    -33.1679    -34.8113     13.9686    -21.9262    -29.8683
    34.7507      105.79    -31.7594    -34.1529     14.2997    -22.9015    -29.7077
    34.8153     106.884    -30.3858    -33.4842     14.6212    -23.8426    -29.5503
    34.8757     107.994    -29.0145     -32.795     14.9355     -24.772     -29.392
    34.9311     109.093    -27.6443      -32.09     15.2381    -25.6917    -29.2295
     34.976     110.141    -26.2974    -31.3851      15.524    -26.5841    -29.0628
    35.0024     111.152    -24.9608    -30.6746     15.7983    -27.4497    -28.8899
    35.0045     112.157    -23.5949     -29.931     16.0722    -28.3052    -28.7027
     34.979     113.142       -22.2    -29.1464     16.3474    -29.1482     -28.498
    34.9242      114.07    -20.8066    -28.3394     16.6165    -29.9642    -28.2804
    34.8397     114.936    -19.4084    -27.5133     16.8764    -30.7629    -28.0537
    34.7218      115.76    -17.9598    -26.6419     17.1313    -31.5674    -27.8168
     34.564     116.528    -16.4456    -25.7128     17.3827    -32.3754    -27.5694
    34.3674     117.228    -14.8798    -24.7359     17.6295    -33.1806    -27.3114
    34.1435     117.899    -13.2573    -23.7089     17.8753    -34.0024    -27.0409
    33.8971     118.576    -11.5877    -22.6256     18.1232    -34.8505     -26.757
    33.6188     119.235     -9.9151     -21.501     18.3707    -35.7054    -26.4594
    33.3073     119.835     -8.2788    -20.3593     18.6118     -36.541    -26.1527
    32.9673     120.371    -6.67819    -19.1963     18.8443    -37.3513    -25.8385
    32.5985     120.863    -5.09398    -17.9858     19.0713    -38.1457     -25.514
    32.2065     121.314     -3.5403    -16.7333     19.2907    -38.9189    -25.1859
    31.8009     121.705     -2.0444    -15.4675     19.4992    -39.6608    -24.8598
    31.3801     122.037   -0.595706    -14.1814     19.7012    -40.3823    -24.5307
    30.9389     122.342    0.827074    -12.8529     19.9022    -41.0948    -24.1997
    30.4831     122.625     2.21754     -11.496     20.1003    -41.7894    -23.8717
    30.0178     122.867      3.5895    -10.1161     20.2937    -42.4646    -23.5417
    29.5286     123.048     4.98916    -8.68923     20.4837    -43.1329    -23.1975
     28.987     123.107     6.43893    -7.20428     20.6668    -43.7909    -22.8301
    28.3869     122.993     7.91895    -5.68424     20.8407    -44.4212    -22.4421
    27.7488     122.729     9.39562    -4.15938     21.0041    -45.0136    -22.0451
    27.0941     122.387     10.8553     -2.6294     21.1561    -45.5684    -21.6458
    26.4396     122.039     12.2998    -1.08253     21.3009    -46.0846    -21.2452
     25.798     121.718     13.7195    0.466176      21.442    -46.5565    -20.8484
    25.1739     121.417     15.0961     1.99351     21.5776    -46.9789    -20.4611
    24.5609     121.129     16.4348      3.5236     21.7089    -47.3496    -20.0789
    23.9539     120.846     17.7583     5.10976     21.8434    -47.6686    -19.6917
     23.358     120.554     19.0668     6.75542     21.9846    -47.9378    -19.2983
    22.7721     120.236     20.3375     8.42602      22.126    -48.1601     -18.907
    22.1811     119.882     21.5662     10.1238     22.2607    -48.3395    -18.5195
    21.5692     119.485     22.7627     11.8789     22.3879    -48.4802    -18.1284
    20.9298     119.041     23.9123     13.6828     22.5075    -48.5869    -17.7323
    20.2724     118.548     24.9934     15.4925     22.6149    -48.6642    -17.3393
    19.5914     117.985     26.0156     17.3159     22.7075    -48.7167    -16.9422
    18.8644     117.326     26.9998      19.194     22.7877    -48.7485    -16.5228
    18.0947     116.563     27.9455     21.1089     22.8604    -48.7637    -16.0852
    17.3001     115.681     28.8421     23.0108     22.9292    -48.7657    -15.6485
    16.5041     114.715     29.6829     24.8683      22.997    -48.7577    -15.2229
    15.7245     113.747     30.4766     26.6882     23.0707    -48.7423    -14.8047
    14.9512     112.813     31.2314     28.4947     23.1549    -48.7218    -14.3866
    14.1718       111.9     31.9314      30.277     23.2444    -48.6982    -13.9717
    13.3955     110.992     32.5662     32.0047     23.3326     -48.673    -13.5666
    12.6291     110.063     33.1537     33.6856     23.4169    -48.6475     -13.163
    11.8591     109.075      33.715     35.3565     23.4954    -48.6225    -12.7436
    11.0754     108.021     34.2491     37.0163     23.5669    -48.5988    -12.3068
    10.2845      106.91     34.7507     38.6296     23.6285    -48.5769    -11.8626
    9.48699     105.743     35.2223     40.2003     23.6805    -48.5571    -11.4083
    8.68364      104.54     35.6614      41.762     23.7301    -48.5395    -10.9353
    7.88899     103.322     36.0609     43.3054     23.7782    -48.5242    -10.4489
    7.09533     102.047      36.423       44.83     23.8237    -48.5111    -9.94463
    6.26911     100.628     36.7503     46.3651     23.8679    -48.5002    -9.40464
    5.40906     99.0274     37.0344     47.9036     23.9052    -48.4913     -8.8252
    4.55224      97.297     37.2704     49.4162     23.9316    -48.4842     -8.2179
    3.74973     95.5032     37.4678     50.8878      23.949    -48.4787    -7.59681
    3.04764     93.6847      37.641     52.3316     23.9611    -48.4746    -6.96872
    2.45451      91.867     37.7959     53.7701     23.9753    -48.4717    -6.33682
    1.95006     90.0511      37.926     55.2031     23.9949    -48.4698    -5.70366
    1.51133     88.2466      38.021     56.6073     24.0159    -48.4688     -5.0734
    1.11411     86.4747     38.0805     57.9601     24.0372    -48.4684    -4.45346
   0.724779     84.7131     38.1111      59.281     24.0645    -48.4685    -3.84037
   0.331449     82.9261     38.1186     60.6096      24.102     -48.469    -3.22479
  -0.042474     81.1248     38.1085     61.9403     24.1481    -48.4698    -2.61057
  -0.370668      79.336     38.0853     63.2456     24.1993    -48.4708     -2.0093
  -0.634714     77.5384     38.0471     64.5344     24.2525    -48.4719    -1.41629
  -0.836643     75.6839     37.9872     65.8379     24.3055     -48.473   -0.812435
  -0.993922       73.77     37.9069     67.1555     24.3566    -48.4741   -0.194521
   -1.12591     71.8016      37.808     68.4804     24.4067    -48.4752    0.437245
   -1.25274     69.7196     37.6749     69.8192     24.4543    -48.4762     1.09966
   -1.38063     67.4969     37.4911     71.1411     24.4919    -48.4771     1.79354
   -1.50502     65.1913     37.2691     72.4115     24.5163     -48.478     2.50103
   -1.62259     62.8728     37.0374     73.6237     24.5299    -48.4787     3.20813
   -1.73565     60.5946     36.8061     74.7803      24.537    -48.4793     3.90425
   -1.85071     58.3589     36.5594     75.9145     24.5455    -48.4799     4.59261
   -1.97266     56.1245     36.2802     77.0638     24.5613    -48.4803      5.2868
   -2.10496     53.8923     35.9738     78.2211     24.5843    -48.4807     5.98604
   -2.24527     51.6951     35.6455     79.3573     24.6097    -48.4809      6.6765
   -2.38695     49.5108     35.2824     80.4745     24.6341    -48.4812     7.35672
    -2.5249     47.3034     34.8815     81.5924     24.6589    -48.4813     8.03243
   -2.65539     45.0881     34.4539     82.6968     24.6854    -48.4814     8.69946
   -2.77585     42.8443     34.0028     83.7771     24.7123    -48.4815     9.36362
   -2.88926     40.5159     33.5255     84.8498     24.7387    -48.4815     10.0403
   -3.00275     38.1232      33.027     85.9042     24.7637    -48.4815     10.7255
   -3.11248     35.6697     32.5056     86.9326      24.789    -48.4815     11.4138
   -3.20645     33.0728     31.9434     87.9477     24.8116    -48.4815      12.114
   -3.28071     30.3297       31.34     88.9304     24.8203    -48.4814     12.8192
   -3.33752     27.4988     30.7079     89.8672     24.8162    -48.4814     13.5154
    -3.3792     24.5764     30.0461     90.7905     24.8134    -48.4813     14.2054
    -3.4034     21.5629     29.3547     91.7252     24.8203    -48.4813     14.8914
   -3.40429      18.517     28.6465     92.6546     24.8365    -48.4813     15.5623
   -3.38288     15.5027     27.9319     93.5489     24.8571    -48.4812     16.2035
   -3.34066     12.4982     27.2012     94.4041     24.8781    -48.4812     16.8137
   -3.27486     9.44074     26.4419      95.236     24.9031    -48.4811     17.4039
   -3.18878     6.35806     25.6631     96.0399     24.9368    -48.4811     17.9765
    -3.0856     3.33217     24.8838     96.7956      24.976    -48.4811     18.5231
   -2.95909    0.358721     24.1069     97.5068     25.0158     -48.481     19.0446
   -2.80067    -2.64579     23.3171     98.1956     25.0548     -48.481     19.5557
   -2.60955    -5.69288     22.5088     98.8619     25.0897     -48.481     20.0636
   -2.39545    -8.72063     21.6902     99.4886     25.1181     -48.481     20.5607
   -2.16189    -11.7658     20.8386     100.076     25.1428     -48.481     21.0459
   -1.90296    -14.9341     19.9086     100.632      25.166     -48.481     21.5298
   -1.62889    -18.2324      18.892      101.15     25.1852     -48.481      22.016
   -1.36178    -21.5875     17.8203     101.629     25.1985     -48.481     22.4963
   -1.11352    -24.9331     16.7312     102.067     25.2091    -48.4809     22.9583
    -0.8879    -28.2651      15.642     102.472     25.2259    -48.4809     23.3973
   -0.67318    -31.6134     14.5484     102.862     25.2556    -48.4809     23.8195
  -0.441642    -34.9768     13.4414     103.244     25.2942    -48.4788     24.2255
  -0.182064    -38.3171     12.3262     103.619     25.3359    -48.4707     24.6078
  0.0992796    -41.5831     11.2189     103.977     25.3786    -48.4496     24.9638
   0.401514    -44.8076     10.1138     104.315     25.4228    -48.3999     25.3029
   0.718661    -48.0814     8.98891      104.65     25.4711    -48.2996     25.6398
    1.03185     -51.398     7.84582     104.978     25.5229     -48.136     25.9788
    1.32228    -54.6772     6.70978     105.283     25.5758    -47.9169     26.3146
    1.58109    -57.9147     5.58211     105.567     25.6319    -47.6521     26.6475
    1.81646    -61.1641     4.43427     105.836     25.6975    -47.3377     26.9824
       2.04     -64.401     3.26286     106.092     25.7722    -46.9723      27.314
    2.25628    -67.6212     2.06609     106.328     25.8536    -46.5608     27.6363
    2.46902    -70.8821    0.808317     106.525     25.9374    -46.0957     27.9451
    2.67655    -74.1242    -0.51199     106.649     26.0135    -45.5728      28.229
    2.87315    -77.2478    -1.85878     106.697     26.0792    -45.0084     28.4866
     3.0687    -80.2642    -3.21553     106.698     26.1412    -44.4206      28.733
    3.28918    -83.2458    -4.58109     106.685      26.205    -43.8219     28.9779
    3.54423    -86.2206     -5.9543     106.663     26.2701    -43.2196     29.2179
    3.82153    -89.1597    -7.33988     106.606      26.334    -42.6153     29.4481
    4.11099    -92.0329    -8.74683       106.5     26.3948     -42.008     29.6655
    4.40918    -94.8103    -10.1637     106.355     26.4513    -41.4036     29.8635
     4.7132    -97.4634    -11.5639     106.185     26.5026    -40.8109     30.0404
    5.03449    -100.048    -12.9513     106.002     26.5526    -40.2294     30.2017
    5.39037    -102.656     -14.341     105.815     26.6086    -39.6607     30.3524
    5.77899    -105.282    -15.7207     105.627     26.6717    -39.1101     30.4942
    6.20704    -107.934    -17.0994      105.43     26.7424    -38.5698     30.6312
    6.69675    -110.665    -18.5128     105.224     26.8251    -38.0249     30.7686
    7.24443    -113.428    -19.9578     105.004     26.9186    -37.4732     30.9082
    7.84535    -116.188    -21.4192      104.77     27.0193    -36.9153     31.0448
    8.51258    -118.949    -22.9083     104.499      27.122    -36.3365      31.168
    9.23074    -121.619    -24.4095     104.155     27.2163    -35.7308     31.2703
    9.98183    -124.152    -25.8927     103.745     27.2988    -35.1121     31.3534
    10.7834    -126.659    -27.3594     103.303     27.3784    -34.4933     31.4257
    11.6425    -129.218    -28.8169     102.853     27.4662    -33.8801     31.4939
    12.5301    -131.781    -30.2536     102.394     27.5659    -33.2765     31.5589
    13.4096    -134.257    -31.6498      101.92     27.6713    -32.6873      31.617
    14.2764     -136.63    -33.0034     101.422     27.7775    -32.1114     31.6637
    15.1506    -138.951    -34.3145     100.898     27.8872    -31.5498     31.6979
    16.0287    -141.215    -35.5726     100.361     28.0003    -31.0091     31.7193
    16.9081    -143.428    -36.7893     99.8144     28.1165     -30.485     31.7261
    17.8095    -145.653    -37.9865     99.2496     28.2377     -29.965     31.7192
    18.7435    -147.868    -39.1695     98.6489     28.3586    -29.4437     31.7001
    19.6985    -149.992    -40.3315     98.0061      28.473     -28.926     31.6679
    20.6512    -151.966    -41.4501     97.3355     28.5787    -28.4197     31.6227
    21.6118    -153.815    -42.5217      96.637     28.6808    -27.9172     31.5625
    22.6197      -155.6    -43.5744     95.8822     28.7875    -27.4018     31.4821
    23.6713    -157.277    -44.6125     95.0575     28.8964    -26.8766     31.3782
    24.7345    -158.791    -45.6163      94.184     29.0011    -26.3507     31.2556
     25.803    -160.201    -46.5839     93.2911     29.1013    -25.8222     31.1229
    26.8766    -161.596    -47.5207     92.4078      29.199    -25.2966     30.9871
    27.9319    -162.982    -48.4145     91.5613     29.2937    -24.7887     30.8534
    28.9378    -164.316    -49.2457     90.7712     29.3831    -24.3111     30.7259
    29.8724    -165.565    -50.0014     90.0504     29.4653    -23.8726     30.6073
    30.7217    -166.708    -50.6745     89.4064     29.5393    -23.4785     30.4995
    31.4776    -167.732    -51.2625     88.8421     29.6047    -23.1313     30.4035
    32.1375    -168.631     -51.766     88.3574     29.6614    -22.8313     30.3196
    32.7023    -169.406    -52.1887     87.9491     29.7094    -22.5772     30.2477
    33.1761     -170.06    -52.5359     87.6126     29.7494    -22.3664     30.1874
     33.565    -170.601    -52.8142     87.3418     29.7819    -22.1955     30.1378
    33.8765    -171.037    -53.0309     87.1299     29.8076    -22.0606     30.0981
    34.3033    -171.431    -53.3166     86.9405     29.8687    -21.9249      30.065
    35.1169    -171.881    -53.8441     86.5989     30.0112    -21.7103     30.0032
    36.2519    -172.409    -54.5605     85.8722     30.1932    -21.3736      29.852
    37.5001    -172.978    -55.3376     84.7259     30.3598    -20.9337     29.5946
    38.7922    -173.559    -56.1346     83.2941      30.507    -20.4304     29.2566
    40.1249     -174.13    -56.9433     81.7114     30.6475     -19.896     28.8645
    41.5035    -174.674    -57.7689     80.0618     30.7915    -19.3493     28.4424
    42.9123    -175.179    -58.6029     78.3992     30.9374    -18.8075     28.0117
    44.3196    -175.638    -59.4212      76.765     31.0822    -18.2874     27.5867
    45.7201    -176.047    -60.2118     75.1605     31.2299     -17.797      27.174
    47.1283    -176.403    -60.9724     73.5621     31.3859    -17.3346     26.7712
    48.5274    -176.708    -61.6846     71.9752     31.5471    -16.9004     26.3743
    49.8771    -176.964    -62.3363     70.4327     31.7069    -16.4977     25.9864
    51.1672    -177.174    -62.9378     68.9406     31.8603    -16.1237     25.6076
    52.4148    -177.342    -63.4986     67.4724     32.0015    -15.7688      25.231
    53.6115    -177.473    -64.0155     66.0249     32.1243    -15.4273     24.8577
    54.7292    -177.571    -64.4818     64.6241     32.2291    -15.1008      24.493
    55.7727     -177.64    -64.8999     63.2588     32.3276     -14.788     24.1275
    56.7617    -177.687    -65.2733     61.8845     32.4268    -14.4852     23.7431
    57.6808    -177.713    -65.5944     60.5026     32.5165    -14.1958     23.3378
    58.5114    -177.724     -65.865     59.1379     32.5917     -13.924     22.9236
    59.2701    -177.723    -66.1059     57.7912     32.6621    -13.6683     22.5102
    59.9903    -177.712    -66.3337     56.4624     32.7396    -13.4268     22.1024
    60.6895    -177.695    -66.5498     55.1566     32.8286    -13.1998     21.7018
    61.3584    -177.674    -66.7497     53.8887     32.9254    -12.9871     21.3092
    61.9819    -177.649    -66.9248     52.6688     33.0227     -12.788     20.9272
    62.5731    -177.624    -67.0635     51.4735     33.1194    -12.5994     20.5485
    63.1615    -177.598    -67.1641     50.2667      33.221    -12.4185     20.1612
    63.7464    -177.574    -67.2383     49.0274     33.3252    -12.2452      19.765
    64.3137     -177.55    -67.3016     47.7641     33.4255    -12.0792      19.369
    64.8439    -177.529    -67.3547     46.5074     33.5175     -11.922     18.9777
    65.3236     -177.51    -67.3864     45.2629     33.5999    -11.7747     18.5813
    65.7674    -177.493     -67.395     44.0049      33.679    -11.6332     18.1682
    66.1828    -177.478    -67.3859     42.7206     33.7594    -11.4944     17.7412
    66.5582    -177.466    -67.3518     41.4007     33.8402    -11.3602     17.3026
     66.886    -177.455    -67.2766     40.0339     33.9165    -11.2316     16.8483
    67.1713    -177.447     -67.161     38.6424     33.9845    -11.1074     16.3842
    67.4148     -177.44    -67.0128     37.2553     34.0441    -10.9885     15.9218
    67.6231    -177.435    -66.8332     35.8714     34.0996    -10.8776     15.4631
    67.8253    -177.432      -66.63     34.4896     34.1588    -10.7764     15.0052
    68.0393    -177.429    -66.4156     33.1324     34.2233    -10.6861     14.5503
    68.2595    -177.427    -66.1942     31.8159     34.2895     -10.607     14.1041
    68.4771    -177.427    -65.9631     30.5219     34.3571    -10.5391     13.6622
    68.6854    -177.426    -65.7267      29.224     34.4255     -10.482     13.2123
    68.8797    -177.427    -65.4941     27.9257     34.4901    -10.4349     12.7539
    69.0475    -177.427    -65.2664     26.6416     34.5453     -10.397     12.2958
    69.1759    -177.428    -65.0324     25.3526     34.5894    -10.3674      11.836
    69.2654    -177.429    -64.7841     24.0214     34.6235    -10.3472     11.3619
    69.3178     -177.43    -64.5273     22.6444     34.6468    -10.3392     10.8712
    69.3311    -177.431     -64.261     21.2437     34.6589    -10.3429     10.3734
    69.3004    -177.405    -63.9672      19.796     34.6642    -10.3575     9.86318
    69.2237    -177.303     -63.639     18.2618     34.6687    -10.3843     9.32571
    69.0915    -177.055    -63.2723     16.6666     34.6701    -10.4237     8.76389
    68.8847    -176.575    -62.8536     15.0672     34.6605    -10.4757     8.18943
    68.6192     -175.89     -62.392     13.5007     34.6428    -10.5377     7.61379
    68.3412     -175.09    -61.9192     11.9591     34.6305    -10.6074       7.037