      7.35
  0.159495
 -0.507885
         0
 0.0731949
  0.022161
 0.0780949
 0.0214211
         0
         0
    6.1405
  0.165179
 -0.336499
         0
 0.0504402
 0.0178433
 0.0534402
 0.0187518
         0
         0
     4.531
 0.0851828
-0.0280469
         0
 0.0181736
 0.0100014
 0.0205736
0.00552728
         0
         0
    3.2245
 0.0767431
 -0.156066
         0
 0.0208536
0.00672649
 0.0220536
0.00771437
         0
         0
     2.318
 0.0384788
 -0.114509
         0
 0.0119568
0.00353875
 0.0128568
0.00360085
         0
         0
     2.318
 0.0537776
-0.0873886
         0
 0.0103946
0.00414764
 0.0112946
0.00402742
         0
         0
    2.3838
         0
         0
  0.251491
 0.0369323
 0.0373323
 0.0292323
         0
         0
         0
