0
0.01
0.021
0.031
0.042
0.052
0.062
0.072
0.083
0.093
0.103
0.113
0.123
0.133
0.144
0.154
0.164
0.174
0.185
0.195
0.205
0.215
0.225
0.236
0.246
0.256
0.266
0.276
0.287
0.297
0.307
0.317
0.328
0.338
0.348
0.359
0.369
0.379
0.39
0.4
0.41
0.42
0.43
0.44
0.451
0.461
0.471
0.482
0.492
0.502
0.512
0.523
0.533
0.543
0.553
0.564
0.574
0.584
0.595
0.605
0.615
0.625
0.636
0.646
0.656
0.666
0.677
0.687
0.697
0.707
0.718
0.728
0.738
0.748
0.758
0.768
0.779
0.789
0.799
0.809
0.819
0.83
0.84
0.85
0.86
0.87
0.881
0.891
0.901
0.911
0.921
0.932
0.942
0.952
0.962
0.972
0.982
0.993
1.003
1.016
1.026
1.036
1.047
1.057
1.067
1.077
1.087
1.097
1.107
1.118
1.128
1.138
1.148
1.158
1.168
1.179
1.189
1.199
1.209
1.22
1.23
1.24
1.25
1.26
1.271
1.281
1.291
1.301
1.311
1.322
1.332
1.342
1.352
1.363
1.373
1.383
1.393
1.403
1.414
1.424
1.434
1.444
1.454
1.465
1.475
1.485
1.495
1.505
1.515
1.526
1.536
1.546
1.557
1.567
1.577
1.587
1.597
1.608
1.618
1.628
1.638
1.649
1.659
1.669
1.679
1.69
1.7
1.71
1.721
1.731
1.741
1.751
1.762
1.772
1.782
1.792
1.802
1.813
1.823
1.833
1.843
1.854
1.864
1.874
1.885
1.895
1.905
1.915
1.925
1.935
1.945
1.956
1.966
1.976
1.986
1.996
2.006
2.017
2.027
2.037
2.047
2.058
2.068
2.078
2.088
2.098
2.109
2.119
2.129
2.139
2.149
2.159
2.17
2.18
2.195
2.205
2.216
2.228
2.24
2.252
2.265
2.277
2.289
2.302
2.314
2.326
2.339
2.349
2.36
2.37
2.38
2.391
2.401
2.411
2.421
2.432
2.442
2.452
2.463
2.473
2.483
2.493
2.503
2.514
2.524
2.535
2.545
2.555
2.565
2.575
2.586
2.596
2.606
2.616
2.626
2.636
2.646
2.657
2.667
2.677
2.691
2.701
2.711
2.722
2.732
2.742
2.752
2.762
2.772
2.782
2.793
2.803
2.813
2.823
2.833
2.843
2.854
2.864
2.874
2.884
2.894
2.905
2.915
2.925
2.935
2.946
2.956
2.966
2.976
2.987
2.997
3.007
3.017
3.028
3.038
3.048
3.058
3.068
3.079
3.089
3.099
3.109
3.119
3.13
3.14
3.15
3.16
3.171
3.181
3.191
3.201
3.212
3.222
3.232
3.242
3.252
3.262
3.273
3.283
3.293
3.303
3.314
3.324
3.334
3.345
3.355
3.365
3.375
3.385
3.395
3.406
3.416
3.426
3.436
3.447
3.457
3.467
3.477
3.487
3.498
3.508
3.52
3.532
3.546
3.559
3.571
3.581
3.591
3.602
3.612
3.622
3.632
3.643
3.653
3.663
3.673
3.685
3.697
3.707
3.718
3.728
3.738
3.748
3.758
3.769
3.779
3.789
3.799
3.809
3.819
3.83
3.84
3.85
3.86
3.871
3.881
3.891
3.901
3.911
3.922
3.932
3.942
3.952
3.962
3.973
3.983
3.999
4.009
4.02
4.03
4.04
4.05
4.061
4.071
4.081
4.091
4.101
4.111
4.122
4.132
4.142
4.152
4.163
4.173
4.183
4.193
4.204
4.214
4.224
4.234
4.245
4.255
4.265
4.276
4.286
4.296
4.306
4.317
4.327
4.337
4.347
4.358
4.368
4.378
4.388
4.398
4.409
4.419
4.429
4.44
4.45
4.46
4.47
4.481
4.491
4.501
4.511
4.521
4.531
4.542
4.552
4.562
4.572
4.582
4.593
4.603
4.613
4.623
4.634
4.644
4.658
4.668
4.678
4.688
4.699
4.709
4.719
4.729
4.74
4.75
4.76
4.77
4.781
4.791
4.801
4.812
4.822
4.832
4.842
4.852
4.863
4.873
4.883
4.893
4.904
4.914
4.924
4.934
4.945
4.955
4.965
4.975
4.986
4.996
5.006
5.016
5.026
5.037
5.047
5.057
5.067
5.077
5.087
5.098
5.108
5.118
5.128
5.139
5.149
5.16
5.171
5.181
5.191
5.201
5.212
5.222
5.232
5.242
5.252
5.262
5.273
5.283
5.293
5.303
5.314
5.324
5.334
5.345
5.355
5.365
5.375
5.385
5.395
5.406
5.416
5.426
5.436
5.446
5.457
5.467
5.482
5.492
5.503
5.513
5.523
5.533
5.544
5.554
5.564
5.574
5.584
5.595
5.605
5.615
5.625
5.642
5.652
5.662
5.673
5.683
5.693
5.703
5.713
5.723
5.734
5.744
5.754
5.764
5.774
5.784
5.795
5.805
5.831
5.841
5.851
5.861
5.872
5.882
5.892
5.902
5.912
5.923
5.933
5.943
5.953
5.964
5.974
5.984
5.994
6.005
6.015
6.025
6.035
6.045
6.055
6.066
6.076
6.086
6.096
6.106
6.117
6.127
6.137
6.147
6.158
6.168
6.178
6.188
6.199
6.209
6.219
6.229
6.239
6.25
6.26
6.27
6.28
6.29
6.301
6.311
6.321
6.331
6.342
6.352
6.362
6.372
6.382
6.393
6.403
6.413
6.423
6.434
6.444
6.454
6.464
6.474
6.485
6.495
6.506
6.516
6.526
6.536
6.547
6.557
6.567
6.577
6.588
6.598
6.613
6.623
6.633
6.643
6.653
6.664
6.674
6.684
6.694
6.704
6.715
6.725
6.735
6.745
6.755
6.765
6.776
6.786
6.796
6.806
6.816
6.827
6.837
6.847
6.857
6.867
6.878
6.888
6.898
6.908
6.919
6.93
6.94
6.95
6.961
6.971
6.981
6.991
7.002
7.012
7.022
7.032
7.043
7.053
7.063
7.073
7.084
7.096
7.106
7.117
7.127
7.137
7.147
7.157
7.167
7.178
7.188
7.198
7.208
7.218
7.229
7.239
7.249
7.259
7.27
7.28
7.29
7.3
7.311
7.321
7.331
7.341
7.351
7.362
7.372
7.382
7.392
7.403
7.413
7.423
7.434
7.444
7.454
7.465
7.475
7.485
7.495
7.506
7.516
7.526
7.536
7.547
7.557
7.567
7.582
7.593
7.603
7.613
7.623
7.633
7.644
7.654
7.664
7.674
7.684
7.695
7.705
7.715
7.725
7.736
7.746
7.756
7.766
7.776
7.787
7.797
7.807
7.817
7.827
7.838
7.848
7.858
7.868
7.879
7.889
7.899
7.909
7.92
7.93
7.94
7.95
7.96
7.97
7.981
7.991
8.001
8.011
8.021
8.032
8.042
8.052
8.063
8.073
8.083
8.093
8.104
8.114
8.124
8.134
8.144
8.155
8.165
8.175
8.185
8.196
8.206
8.216
8.226
8.237
8.247
8.257
8.267
8.277
8.288
8.298
8.308
8.318
8.328
8.339
8.349
8.359
8.369
8.38
8.39
8.4
8.41
8.421
8.431
8.441
8.451
8.462
8.472
8.482
8.492
8.502
8.513
8.523
8.533
8.543
8.553
8.564
8.574
8.584
8.594
8.604
8.615
8.625
8.635
8.645
8.656
8.666
8.676
8.686
8.696
8.706
8.717
8.727
8.737
8.747
8.757
8.768
8.778
8.788
8.798
8.809
8.819
8.829
8.839
8.849
8.859
8.87
8.88
8.89
8.901
8.911
8.921
8.932
8.942
8.952
8.962
8.973
8.983
8.993
9.003
9.014
9.024
9.034
9.045
9.055
9.065
9.075
9.086
9.096
9.106
9.116
9.126
9.137
9.147
9.157
9.167
9.178
9.191
9.202
9.212
9.222
9.232
9.243
9.253
9.263
9.273
9.284
9.294
9.304
9.314
9.325
9.335
9.345
9.356
9.366
9.376
9.386
9.396
9.407
9.417
9.427
9.437
9.448
9.458
9.468
9.478
9.489
9.499
9.509
9.519
9.53
9.54
9.55
9.56
9.571
9.581
9.591
9.601
9.611
9.622
9.632
9.642
9.652
9.663
9.675
9.685
9.695
9.706
9.716
9.726
9.736
9.747
9.757
9.767
9.777
9.787
9.797
9.808
9.818
9.828
9.843
9.853
9.863
9.873
9.884
9.894
9.904
9.914
9.924
9.935
9.945
9.955
9.965
9.976
9.986
9.996
10.007
10.017
10.027
10.038
10.048
10.058
10.068
10.078
10.088
10.099
10.109
10.119
10.129
10.139
10.15
10.16
10.17
10.183
10.193
10.203
10.214
10.224
10.234
10.244
10.255
10.265
10.275
10.285
10.295
10.306
10.316
10.33
10.34
10.35
10.361
10.371
10.381
10.391
10.401
10.412
10.422
10.432
10.442
10.452
10.462
10.473
10.483
10.493
10.503
10.514
10.524
10.534
10.544
10.554
10.565
10.575
10.585
10.595
10.605
10.615
10.625
10.636
10.646
10.656
10.666
10.676
10.687
10.697
10.707
10.717
10.728
10.738
10.748
10.758
10.769
10.779
10.789
10.799
10.81
10.843
10.853
10.863
10.873
10.883
10.894
10.904
10.914
10.924
10.935
10.945
10.955
10.965
10.976
10.986
10.996
11.006
11.016
11.027
11.037
11.047
11.057
11.068
11.078
11.088
11.098
11.108
11.119
11.129
11.139
11.149
11.159
11.17
11.18
11.19
11.2
11.211
11.221
11.231
11.241
11.251
11.262
11.272
11.282
11.292
11.303
11.313
11.323
11.333
11.343
11.354
11.364
11.374
11.384
11.394
11.405
11.415
11.425
11.435
11.446
11.456
11.466
11.477
11.487
11.497
11.507
11.517
11.528
11.538
11.548
11.558
11.569
11.579
11.589
11.599
11.609
11.62
11.63
11.64
11.65
11.661
11.671
11.681
11.691
11.701
11.711
11.722
11.732
11.742
11.752
11.762
11.772
11.783
11.793
11.803
11.813
11.823
11.834
11.844
11.854
11.864
11.874
11.885
11.895
11.905
11.915
11.925
11.936
11.946
11.956
11.967
11.977
11.987
11.997
12.007
12.018
12.028
12.038
12.048
12.059
12.069
12.079
12.089
12.1
12.113
12.123
12.133
12.143
12.154
12.164
12.174
12.184
12.194
12.204
12.215
12.225
12.235
12.245
12.256
12.266
12.276
12.286
12.297
12.307
12.317
12.327
12.337
12.347
12.358
12.368
12.378
12.389
12.399
12.409
12.419
12.429
12.44
12.45
12.46
12.47
12.48
12.491
12.501
12.511
12.522
12.532
12.542
12.552
12.563
12.573
12.583
12.593
12.604
12.614
12.624
12.634
12.644
12.655
12.665
12.675
12.685
12.695
12.705
12.716
12.726
12.736
12.746
12.756
12.767
12.777
12.787
12.797
12.808
12.818
12.828
12.838
12.848
12.859
12.869
12.879
12.889
12.899
12.909
12.92
12.935
12.946
12.956
12.966
12.977
12.987
12.997
13.007
13.017
13.027
13.038
13.048
13.058
13.068
13.079
13.089
13.104
13.114
13.124
13.134
13.145
13.155
13.165
13.175
13.186
13.196
13.206
13.216
13.227
13.237
13.247
13.258
13.268
13.278
13.289
13.299
13.309
13.319
13.33
13.34
13.35
13.36
13.37
13.381
13.391
13.402
13.412
13.422
13.433
13.443
13.453
13.463
13.473
13.484
13.494
13.504
13.514
13.525
13.535
13.545
13.555
13.566
13.576
13.586
13.596
13.607
13.617
13.627
13.638
13.648
13.658
13.668
13.678
13.689
13.699
13.709
13.719
13.729
13.74
13.75
13.76
13.77
13.781
13.791
13.801
13.811
13.822
13.832
13.842
13.852
13.862
13.872
13.883
13.893
13.903
13.913
13.923
13.934
13.944
13.954
13.964
13.974
13.985
13.995
14.005
14.015
14.025
14.036
14.046
14.056
14.066
14.077
14.087
14.1
14.11
14.12
14.131
14.141
14.151
14.162
14.172
14.182
14.192
14.202
14.213
14.223
14.233
14.244
14.254
14.264
14.274
14.285
14.295
14.305
14.315
14.326
14.336
14.346
14.356
14.366
14.377
14.387
14.397
14.407
14.418
14.428
14.438
14.448
14.458
14.469
14.479
14.489
14.499
14.51
14.52
14.53
14.54
14.55
14.561
14.571
14.581
14.593
14.603
14.613
14.623
14.634
14.644
14.654
14.664
14.675
14.685
14.695
14.705
14.716
14.726
14.736
14.746
14.757
14.767
14.777
14.787
14.797
14.808
14.818
14.828
14.838
14.848
14.858
14.869
14.879
14.889
14.899
14.91
14.92
14.93
14.94
14.95
14.961
14.971
14.981
14.991
15.001
15.012
15.022
15.032
15.042
15.052
15.063
15.073
15.083
15.094
15.104
15.114
15.124
15.135
15.145
15.155
15.165
15.175
15.186
15.196
15.206
15.216
15.226
15.237
15.247
15.257
15.267
15.277
15.288
15.298
15.308
15.318
15.329
15.339
15.349
15.359
15.369
15.38
15.39
15.4
15.41
15.421
15.431
15.441
15.451
15.461
15.471
15.482
15.492
15.502
15.512
15.523
15.533
15.543
15.553
15.563
15.574
15.584
15.594
15.604
15.614
15.625
15.635
15.645
15.655
15.666
15.676
15.686
15.696
15.706
15.717
15.727
15.738
15.748
15.758
15.768
15.778
15.789
15.799
15.809
15.833
15.843
15.853
15.864
15.874
15.884
15.894
15.905
15.915
15.925
15.935
15.945
15.956
15.966
15.976
15.986
15.997
16.007
16.017
16.027
16.037
16.047
16.058
16.068
16.078
16.088
16.099
16.109
16.119
16.129
16.139
16.15
16.16
16.17
16.18
16.19
16.201
16.211
16.221
16.231
16.242
16.252
16.262
16.273
16.283
16.293
16.303
16.314
16.324
16.334
16.344
16.355
16.365
16.375
16.385
16.396
16.406
16.416
16.427
16.437
16.447
16.458
16.468
16.478
16.488
16.499
16.509
16.519
16.53
16.54
16.55
16.56
16.571
16.581
16.591
16.602
16.612
16.622
16.632
16.643
16.653
16.663
16.673
16.683
16.694
16.704
16.714
16.725
16.735
16.745
16.755
16.765
16.776
16.786
16.796
16.806
16.816
16.827
16.837
16.847
16.857
16.868
16.878
16.888
16.898
16.908
16.919
16.929
16.939
16.95
16.96
16.97
16.98
16.99
17.001
17.011
17.021
17.031
17.041
17.052
17.062
17.072
17.082
17.093
17.103
17.113
17.123
17.134
17.144
17.154
17.164
17.175
17.185
17.195
17.205
17.215
17.225
17.236
17.246
17.256
17.266
17.276
17.287
17.297
17.307
17.317
17.327
17.338
17.348
17.358
17.368
17.378
17.389
17.399
17.409
17.419
17.429
17.44
17.45
17.46
17.471
17.481
17.491
17.502
17.512
17.522
17.533
17.543
17.553
17.563
17.573
17.583
17.593
17.604
17.614
17.624
17.634
17.644
17.654
17.665
17.675
17.685
17.695
17.706
17.716
17.726
17.736
17.746
17.756
17.767
17.777
17.787
17.797
17.807
17.817
17.828
17.838
17.848
17.859
17.869
17.879
17.889
17.9
17.91
17.92
17.93
17.94
17.951
17.961
17.971
17.981
17.992
18.002
18.012
18.022
18.033
18.043
18.053
18.063
18.074
18.084
18.094
18.104
18.114
18.125
18.135
18.145
18.155
18.168
18.178
18.188
18.198
18.209
18.219
18.229
18.239
18.249
18.259
18.27
18.28
18.29
18.3
18.311
18.321
18.331
18.341
18.352
18.362
18.372
18.382
18.393
18.403
18.413
18.423
18.433
18.443
18.454
18.464
18.474
18.484
18.495
18.505
18.515
18.525
18.536
18.546
18.556
18.566
18.577
18.587
18.597
18.607
18.617
18.627
18.638
18.648
18.658
18.669
18.679
18.689
18.699
18.709
18.72
18.73
18.74
18.75
18.761
18.771
18.781
18.791
18.802
18.812
18.822
18.832
18.842
18.853
18.863
18.873
18.883
18.894
18.904
18.914
18.924
18.934
18.945
18.955
18.965
18.975
18.986
18.996
19.006
19.016
19.026
19.037
19.047
19.057
19.067
19.078
19.088
19.098
19.108
19.118
19.129
19.139
19.149
19.159
19.169
19.18
19.19
19.2
19.21
19.22
19.231
19.241
19.251
19.261
19.271
19.282
19.292
19.302
19.313
19.323
19.333
19.343
19.354
19.364
19.374
19.384
19.395
19.405
19.415
19.425
19.435
19.446
19.459
19.469
19.479
19.489
19.499
19.51
19.52
19.53
19.541
19.551
19.561
19.571
19.581
19.591
19.601
19.612
19.622
19.632
19.643
19.653
19.663
19.673
19.683
19.694
19.704
19.714
19.724
19.734
19.745
19.755
19.765
19.776
19.786
19.796
19.806
19.817
19.827
19.837
19.847
19.857
19.867
19.878
19.888
19.898
19.908
19.918
19.929
19.939
19.949
19.959
19.969
19.979
19.99
20
20.01
20.02
20.03
20.04
20.051
20.061
20.071
20.081
20.092
20.102
20.112
20.122
20.132
20.143
20.153
20.163
20.174
20.184
20.194
20.204
20.215
20.225
20.235
20.246
20.256
20.266
20.276
20.287
20.297
20.307
20.317
20.328
20.338
20.348
20.358
20.369
20.379
20.389
20.399
20.409
20.42
20.433
20.444
20.454
20.464
20.475
20.485
20.495
20.505
20.515
20.525
20.536
20.546
20.556
20.566
20.576
20.587
20.597
20.607
20.618
20.628
20.638
20.648
20.659
20.669
20.679
20.689
20.699
20.71
20.72
20.73
20.741
20.751
20.761
20.771
20.782
20.792
20.802
20.813
20.839
20.849
20.86
20.87
20.88
20.89
20.9
20.911
20.921
20.931
20.942
20.952
20.962
20.972
20.983
20.993
21.004
21.014
21.024
21.034
21.045
21.055
21.065
21.075
21.085
21.096
21.106
21.116
21.126
21.137
21.147
21.157
21.167
21.178
21.188
21.198
21.208
21.219
21.229
21.239
21.251
21.261
21.274
21.285
21.297
21.307
21.317
21.328
21.338
21.348
21.358
21.368
21.379
21.389
21.399
21.409
21.42
21.43
21.44
21.45
21.46
21.471
21.481
21.491
21.501
21.511
21.521
21.532
21.542
21.552
21.562
21.573
21.583
21.593
21.603
21.614
21.624
21.634
21.644
21.654
21.664
21.675
21.685
21.695
21.705
21.716
21.726
21.736
21.746
21.756
21.767
21.777
21.787
21.797
21.807
21.817
21.827
21.838
21.848
21.858
21.868
21.879
21.889
21.902
21.912
21.922
21.932
21.942
21.953
21.963
21.973
21.983
21.994
22.004
22.014
22.025
22.035
22.045
22.055
22.066
22.076
22.086
22.096
22.107
22.117
22.127
22.137
22.148
22.158
22.168
22.178
22.188
22.199
22.209
22.219
22.23
22.24
22.251
22.261
22.271
22.282
22.292
22.302
22.312
22.322
22.333
22.343
22.353
22.363
22.373
22.384
22.394
22.404
22.415
22.425
22.435
22.445
22.455
22.466
22.476
22.486
22.496
22.506
22.516
22.527
22.537
22.547
22.557
22.567
22.578
22.588
22.598
22.608
22.618
22.628
22.639
22.649
22.659
22.67
22.68
22.69
22.701
22.711
22.726
22.736
22.746
22.757
22.767
22.777
22.787
22.797
22.808
22.818
22.828
22.838
22.848
22.859
22.869
22.879
22.889
22.9
22.91
22.92
22.93
22.94
22.951
22.961
22.971
22.981
22.991
23.001
23.012
23.022
23.032
23.047
23.057
23.068
23.078
23.088
23.098
23.108
23.118
23.129
23.139
23.149
23.159
23.169
23.18
23.19
23.2
23.21
23.221
23.231
23.241
23.251
23.261
23.272
23.282
23.292
23.302
23.312
23.323
23.333
23.343
23.353
23.364
23.374
23.384
23.395
23.405
23.415
23.425
23.435
23.446
23.456
23.466
23.476
23.486
23.497
23.507
23.517
23.527
23.538
23.548
23.558
23.568
23.579
23.589
23.599
23.609
23.62
23.63
23.64
23.65
23.661
23.671
23.681
23.691
23.705
23.715
23.726
23.736
23.746
23.756
23.767
23.777
23.787
23.798
23.808
23.818
23.828
23.838
23.849
23.862
23.872
23.882
23.893
23.903
23.913
23.924
23.934
23.944
23.955
23.965
23.975
23.985
23.996
24.006
24.016
24.031
24.041
24.053
24.064
24.074
24.084
24.095
24.105
24.115
24.126
24.136
24.146
24.157
24.167
24.178
24.188
24.198
24.209
24.219
24.229
24.239
24.25
24.26
24.27
24.281
24.291
24.301
24.311
24.322
24.332
24.342
24.353
24.363
24.374
24.384
24.394
24.405
24.415
24.425
24.435
24.445
24.456
24.466
24.476
24.486
24.497
24.507
24.517
24.528
24.538
24.548
24.559
24.569
24.579
24.589
24.6
24.61
24.62
24.63
24.641
24.651
24.661
24.672
24.682
24.692
24.703
24.713
24.723
24.733
24.744
24.754
24.764
24.775
24.785
24.795
24.806
24.816
24.826
24.837
24.847
24.859
24.87
24.881
24.891
24.901
24.912
24.922
24.932
24.942
24.953
24.963
24.973
24.983
24.994
25.004
25.014
25.024
25.035
25.045
25.055
25.065
25.075
25.086
25.096
25.106
25.116
25.127
25.137
25.147
25.157
25.168
25.178
25.188
25.198
25.208
25.219
25.229
25.239
25.25
25.26
25.27
25.28
25.291
25.301
25.311
25.321
25.332
25.346
25.356
25.366
25.377
25.387
25.397
25.407
25.418
25.428
25.438
25.449
25.459
25.469
25.48
25.49
25.505
25.515
25.526
25.536
25.546
25.557
25.567
25.577
25.587
25.598
25.608
25.618
25.629
25.639
25.649
25.664
25.675
25.685
25.695
25.706
25.716
25.726
25.736
25.746
25.757
25.767
25.777
25.787
25.797
25.808
25.818
25.842
25.852
25.862
25.873
25.883
25.893
25.903
25.914
25.924
25.934
25.944
25.954
25.965
25.975
25.988
25.998
26.008
26.019
26.029
26.039
26.049
26.06
26.07
26.08
26.091
26.101
26.111
26.121
26.132
26.142
26.154
26.167
26.178
26.188
26.198
26.208
26.218
26.229
26.239
26.249
26.26
26.27
26.28
26.29
26.3
26.318
26.328
26.338
26.348
26.359
26.369
26.379
26.389
26.399
26.409
26.42
26.43
26.44
26.45
26.46
26.474
26.484
26.495
26.505
26.515
26.525
26.535
26.546
26.556
26.566
26.576
26.586
26.597
26.607
26.617
26.628
26.638
26.648
26.658
26.669
26.679
26.689
26.7
26.71
26.72
26.73
26.74
26.751
26.761
26.771
26.781
26.791
26.802
26.812
26.822
26.832
26.842
26.853
26.863
26.873
26.884
26.894
26.904
26.914
26.925
26.935
26.945
26.955
26.966
26.976
26.986
26.996
27.006
27.017
27.027
27.037
27.047
27.057
27.068
27.078
27.088
27.098
27.109
27.119
27.129
27.14
27.15
27.16
27.17
27.181
27.191
27.201
27.212
27.222
27.232
27.242
27.252
27.262
27.273
27.283
27.293
27.303
27.314
27.324
27.334
27.344
27.355
27.365
27.375
27.385
27.396
27.406
27.416
27.426
27.436
27.447
27.457
27.467
27.477
27.488
27.498
27.509
27.519
27.529
27.54
27.55
27.56
27.57
27.581
27.591
27.601
27.611
27.622
27.632
27.646
27.656
27.667
27.677
27.687
27.698
27.708
27.718
27.728
27.739
27.749
27.759
27.769
27.779
27.79
27.8
27.811
27.822
27.832
27.842
27.852
27.862
27.873
27.883
27.893
27.903
27.913
27.924
27.934
27.944
27.954
27.965
27.975
27.985
27.996
28.006
28.017
28.027
28.037
28.048
28.058
28.068
28.078
28.089
28.099
28.109
28.12
28.13
28.142
28.153
28.165
28.177
28.189
28.2
28.21
28.22
28.23
28.24
28.251
28.261
28.271
28.281
28.291
28.308
28.318
28.328
28.339
28.349
28.359
28.37
28.38
28.39
28.4
28.41
28.42
28.431
28.441
28.451
28.462
28.472
28.482
28.492
28.503
28.513
28.523
28.533
28.544
28.554
28.564
28.574
28.584
28.595
28.605
28.615
28.625
28.636
28.646
28.656
28.666
28.677
28.687
28.697
28.707
28.718
28.728
28.738
28.748
28.758
28.768
28.779
28.789
28.799
28.809
28.82
28.83
28.84
28.85
28.86
28.871
28.881
28.891
28.902
28.912
28.923
28.933
28.943
28.954
28.964
28.974
28.984
28.994
29.005
29.015
29.025
29.036
29.046
29.056
29.066
29.076
29.087
29.097
29.107
29.117
29.127
29.138
29.148
29.158
29.169
29.179
29.189
29.199
29.209
29.219
29.23
29.24
29.25
29.26
29.272
29.282
29.292
29.303
29.313
29.323
29.334
29.344
29.354
29.365
29.375
29.385
29.395
29.406
29.416
29.426
29.436
29.447
29.457
29.467
29.478
29.488
29.498
29.508
29.518
29.529
29.539
29.549
29.559
29.569
29.579
29.59
29.6
29.61
29.62
29.63
29.641
29.651
29.661
29.671
29.681
29.691
29.702
29.712
29.722
29.732
29.742
29.752
29.763
29.773
29.783
29.793
29.803
29.813
29.823
29.834
29.844
29.854
29.864
29.874
29.884
29.895
29.905
29.915
29.925
29.936
29.946
29.956
29.966
29.976
29.986
29.997
30.007
30.017
30.027
30.037
30.047
30.058
30.07
30.08
30.091
30.101
30.111
30.121
30.132
30.142
30.152
30.162
30.173
30.183
30.193
30.203
30.213
30.224
30.234
30.244
30.254
30.265
30.275
30.285
30.295
30.306
30.316
30.326
30.336
30.347
30.357
30.367
30.377
30.387
30.398
30.408
30.418
30.428
30.439
30.449
30.459
30.469
30.48
30.49
30.5
30.51
30.52
30.53
30.54
30.551
30.561
30.571
30.582
30.592
30.602
30.613
30.623
30.633
30.643
30.654
30.664
30.674
30.684
30.694
30.705
30.715
30.725
30.736
30.746
30.756
30.766
30.777
30.787
30.797
30.807
30.817
30.828
30.838
30.848
30.858
30.869
30.879
30.889
30.899
30.909
30.92
30.93
30.94
30.95
30.961
30.971
30.981
30.991
31.002
31.012
31.022
31.032
31.042
31.053
31.063
31.073
31.083
31.093
31.104
31.114
31.124
31.134
31.145
31.155
31.165
31.176
31.186
31.197
31.207
31.219
31.23
31.24
31.25
31.26
31.271
31.281
31.291
31.301
31.312
31.322
31.332
31.342
31.352
31.363
31.373
31.383
31.394
31.404
31.414
31.424
31.435
31.445
31.455
31.465
31.476
31.486
31.496
31.507
31.517
31.527
31.538
31.548
31.558
31.569
31.579
31.589
31.599
31.61
31.62
31.63
31.641
31.651
31.661
31.672
31.682
31.692
31.703
31.713
31.725
31.737
31.749
31.76
31.77
31.781
31.791
31.801
31.811
31.822
31.832
31.842
31.852
31.863
31.873
31.883
31.894
31.904
31.914
31.924
31.935
31.945
31.955
31.965
31.975
31.986
31.996
32.006
32.016
32.027
32.037
32.047
32.057
32.068
32.078
32.088
32.099
32.109
32.119
32.129
32.14
32.15
32.16
32.17
32.18
32.191
32.201
32.211
32.221
32.232
32.242
32.252
32.262
32.273
32.283
32.293
32.303
32.314
32.324
32.334
32.345
32.355
32.365
32.375
32.386
32.396
32.406
32.416
32.426
32.436
32.447
32.457
32.467
32.477
32.487
32.497
32.508
32.518
32.528
32.538
32.549
32.559
32.569
32.579
32.589
32.6
32.61
32.62
32.631
32.641
32.651
32.661
32.671
32.682
32.692
32.702
32.712
32.723
32.733
32.743
32.753
32.764
32.774
32.784
32.794
32.805
32.815
32.825
32.835
32.845
32.858
32.868
32.879
32.889
32.899
32.91
32.92
32.93
32.94
32.95
32.961
32.971
32.981
32.991
33.001
33.012
33.022
33.032
33.042
33.053
33.063
33.073
33.084
33.094
33.104
33.114
33.125
33.135
33.145
33.155
33.165
33.176
33.186
33.196
33.206
33.217
33.227
33.237
33.247
33.257
33.268
33.278
33.288
33.298
33.309
33.319
33.329
33.339
33.35
33.36
33.37
33.38
33.391
33.401
33.411
33.421
33.432
33.442
33.452
33.462
33.472
33.483
33.493
33.503
33.513
33.524
33.534
33.544
33.554
33.565
33.575
33.585
33.595
33.606
33.616
33.626
33.637
33.647
33.657
33.667
33.681
33.691
33.701
33.711
33.721
33.731
33.742
33.752
33.762
33.772
33.782
33.793
33.803
33.813
33.823
33.834
33.844
33.854
33.865
33.875
33.885
33.895
33.905
33.915
33.926
33.936
33.946
33.956
33.966
33.976
33.986
33.997
34.007
34.017
34.028
34.038
34.048
34.058
34.069
34.079
34.089
34.099
34.11
34.12
34.13
34.14
34.15
34.161
34.171
34.181
34.191
34.201
34.212
34.222
34.232
34.242
34.252
34.263
34.273
34.283
34.293
34.303
34.314
34.324
34.334
34.344
34.354
34.365
34.375
34.385
34.395
34.405
34.415
34.426
34.436
34.446
34.456
34.467
34.477
34.487
34.498
34.508
34.518
34.528
34.539
34.549
34.559
34.569
34.579
34.589
34.6
34.61
34.62
34.63
34.641
34.651
34.661
34.671
34.682
34.692
34.702
34.712
34.723
34.733
34.743
34.753
34.763
34.774
34.784
34.794
34.804
34.814
34.825
34.835
34.845
34.856
34.866
34.876
34.886
34.897
34.907
34.917
34.927
34.938
34.948
34.958
34.968
34.985
34.996
35.006
35.016
35.026
35.037
35.047
35.057
35.067
35.077
35.087
35.098
35.108
35.118
35.128
35.139
35.149
35.159
35.17
35.18
35.19
35.2
35.211
35.221
35.231
35.241
35.251
35.262
35.272
35.282
35.293
35.303
35.313
35.324
35.334
35.344
35.354
35.364
35.374
35.385
35.395
35.405
35.416
35.426
35.436
35.446
35.457
35.467
35.477
35.487
35.497
35.508
35.518
35.528
35.538
35.548
35.559
35.569
35.579
35.589
35.599
35.61
35.62
35.63
35.64
35.651
35.661
35.671
35.681
35.691
35.701
35.712
35.722
35.733
35.743
35.753
35.764
35.774
35.784
35.794
35.804
35.814
35.825
35.835
35.845
35.856
35.866
35.876
35.886
35.897
35.907
35.918
35.928
35.938
35.948
35.959
35.969
35.98
35.99
36
36.011
36.021
36.031
36.042
36.052
36.062
36.072
36.082
36.093
36.103
36.119
36.13
36.14
36.15
36.161
36.171
36.181
36.191
36.202
36.212
36.222
36.232
36.243
36.253
36.263
36.274
36.284
36.294
36.304
36.315
36.325
36.335
36.345
36.355
36.366
36.376
36.386
36.396
36.407
36.417
36.427
36.442
36.452
36.462
36.472
36.483
36.493
36.503
36.513
36.524
36.534
36.544
36.554
36.565
36.575
36.585
36.595
36.606
36.616
36.627
36.637
36.647
36.657
36.668
36.678
36.688
36.699
36.709
36.719
36.729
36.74
36.75
36.76
36.773
36.783
36.793
36.804
36.814
36.824
36.834
36.845
36.855
36.865
36.875
36.885
36.896
36.906
36.916
36.927
36.937
36.947
36.957
36.968
36.978
36.988
36.999
37.009
37.019
37.029
37.039
37.049
37.06
37.07
37.08
37.09
37.101
37.111
37.121
37.132
37.142
37.152
37.162
37.172
37.183
37.193
37.203
37.213
37.224
37.234
37.244
37.255
37.265
37.275
37.286
37.296
37.306
37.316
37.326
37.337
37.347
37.357
37.367
37.377
37.388
37.398
37.412
37.422
37.432
37.442
37.453
37.463
37.473
37.483
37.493
37.504
37.514
37.524
37.535
37.545
37.555
37.565
37.576
37.586
37.596
37.606
37.616
37.627
37.637
37.647
37.658
37.668
37.678
37.688
37.699
37.709
37.719
37.73
37.742
37.752
37.762
37.772
37.783
37.793
37.803
37.814
37.824
37.834
37.845
37.855
37.865
37.876
37.886
37.896
37.907
37.917
37.927
37.937
37.948
37.958
37.968
37.978
37.989
37.999
38.009
38.019
38.029
38.039
38.05
38.06
38.07
38.08
38.09
38.101
38.111
38.121
38.131
38.141
38.152
38.162
38.172
38.182
38.192
38.203
38.213
38.223
38.233
38.244
38.254
38.264
38.274
38.285
38.295
38.305
38.315
38.326
38.336
38.346
38.356
38.367
38.377
38.387
38.398
38.408
38.418
38.428
38.438
38.449
38.459
38.469
38.479
38.489
38.499
38.51
38.52
38.53
38.54
38.55
38.561
38.571
38.581
38.591
38.602
38.612
38.622
38.632
38.643
38.653
38.663
38.673
38.684
38.694
38.704
38.714
38.724
38.735
38.747
38.758
38.769
38.779
38.789
38.8
38.81
38.82
38.83
38.84
38.851
38.861
38.871
38.882
38.892
38.902
38.912
38.922
38.933
38.943
38.953
38.963
38.974
38.984
38.995
39.005
39.015
39.025
39.035
39.046
39.058
39.068
39.078
39.088
39.099
39.109
39.119
39.129
39.139
39.15
39.16
39.17
39.181
39.191
39.201
39.211
39.222
39.232
39.242
39.252
39.263
39.273
39.283
39.294
39.304
39.314
39.324
39.334
39.345
39.355
39.365
39.376
39.386
39.396
39.406
39.417
39.427
39.437
39.447
39.457
39.468
39.478
39.488
39.498
39.509
39.519
39.529
39.54
39.55
39.56
39.57
39.58
39.591
39.601
39.611
39.622
39.632
39.642
39.652
39.663
39.673
39.683
39.694
39.704
39.714
39.724
39.735
39.745
39.755
39.765
39.775
39.786
39.796
39.806
39.816
39.826
39.837
39.847
39.857
39.867
39.883
39.893
39.905
39.917
39.929
39.94
39.953
39.966
39.977
39.989
40.001
40.013
40.025
40.035
40.045
40.056
40.068
40.079
40.091
40.102
40.114
40.125
40.137
40.149
40.161
40.172
40.184
40.196
40.206
40.217
40.227
40.237
40.247
40.258
40.268
40.278
40.288
40.299
40.309
40.319
40.329
40.339
40.35
40.36
40.37
40.381
40.391
40.401
40.411
40.422
40.432
40.442
40.452
40.463
40.473
40.483
40.493
40.504
40.514
40.524
40.534
40.545
40.555
40.565
40.575
40.586
40.596
40.606
40.616
40.626
40.637
40.647
40.657
40.667
40.677
40.688
40.698
40.708
40.718
40.729
40.739
40.749
40.759
40.77
40.78
40.79
40.8
40.81
40.821
40.831
40.841
40.864
40.874
40.884
40.894
40.905
40.915
40.925
40.935
40.946
40.956
40.966
40.976
40.986
40.997
41.007
41.017
41.028
41.038
41.048
41.058
41.069
41.079
41.089
41.099
41.109
41.12
41.13
41.14
41.15
41.161
41.171
41.181
41.191
41.201
41.212
41.222
41.232
41.242
41.252
41.262
41.272
41.283
41.293
41.303
41.313
41.323
41.337
41.348
41.358
41.368
41.378
41.388
41.399
41.409
41.419
41.429
41.44
41.45
41.46
41.47
41.481
41.491
41.502
41.513
41.523
41.533
41.543
41.553
41.564
41.574
41.584
41.594
41.604
41.615
41.625
41.635
41.645
41.656
41.666
41.676
41.686
41.697
41.707
41.717
41.727
41.738
41.748
41.758
41.769
41.779
41.789
41.799
41.809
41.82
41.83
41.84
41.85
41.86
41.871
41.881
41.891
41.901
41.912
41.922
41.932
41.942
41.953
41.963
41.973
41.983
41.994
42.004
42.014
42.024
42.035
42.045
42.055
42.065
42.075
42.086
42.096
42.106
42.116
42.127
42.137
42.147
42.158
42.168
42.178
42.188
42.199
42.209
42.219
42.229
42.24
42.25
42.26
42.27
42.281
42.291
42.301
42.311
42.322
42.332
42.342
42.352
42.362
42.373
42.383
42.393
42.403
42.413
42.424
42.434
42.444
42.454
42.464
42.475
42.485
42.495
42.506
42.516
42.526
42.536
42.547
42.557
42.567
42.577
42.588
42.598
42.608
42.618
42.629
42.639
42.649
42.66
42.67
42.68
42.69
42.7
42.711
42.721
42.731
42.741
42.752
42.762
42.772
42.782
42.796
42.806
42.818
42.83
42.841
42.852
42.862
42.872
42.883
42.893
42.904
42.914
42.924
42.934
42.945
42.956
42.966
42.976
42.987
42.997
43.007
43.018
43.028
43.038
43.048
43.058
43.069
43.079
43.089
43.099
43.11
43.12
43.131
43.141
43.151
43.162
43.172
43.182
43.192
43.202
43.213
43.223
43.233
43.244
43.254
43.264
43.281
43.291
43.301
43.311
43.322
43.332
43.342
43.352
43.363
43.373
43.384
43.394
43.404
43.414
43.425
43.435
43.445
43.455
43.465
43.476
43.486
43.496
43.507
43.517
43.527
43.537
43.547
43.558
43.568
43.578
43.588
43.6
43.61
43.622
43.634
43.644
43.655
43.665
43.675
43.685
43.696
43.706
43.716
43.727
43.737
43.747
43.757
43.768
43.778
43.788
43.798
43.808
43.819
43.829
43.839
43.849
43.86
43.87
43.88
43.89
43.901
43.911
43.927
43.937
43.947
43.957
43.968
43.978
43.988
43.998
44.008
44.019
44.029
44.039
44.049
44.06
44.07
44.081
44.091
44.101
44.111
44.121
44.132
44.142
44.152
44.162
44.172
44.182
44.193
44.203
44.213
44.224
44.234
44.244
44.254
44.264
44.275
44.285
44.295
44.305
44.316
44.326
44.336
44.346
44.357
44.367
44.377
44.387
44.397
44.408
44.418
44.428
44.438
44.449
44.459
44.469
44.479
44.489
44.5
44.51
44.52
44.531
44.541
44.551
44.561
44.571
44.582
44.592
44.602
44.612
44.623
44.633
44.643
44.653
44.664
44.674
44.684
44.694
44.705
44.715
44.726
44.736
44.746
44.757
44.767
44.777
44.787
44.798
44.808
44.818
44.828
44.839
44.849
44.859
44.87
44.88
44.89
44.901
44.911
44.921
44.931
44.942
44.952
44.962
44.972
44.982
44.993
45.003
45.013
45.023
45.034
45.044
45.055
45.065
45.075
45.085
45.096
45.106
45.116
45.126
45.136
45.147
45.157
45.167
45.177
45.188
45.198
45.208
45.218
45.228
45.239
45.249
45.259
45.269
45.279
45.29
45.3
45.31
45.32
45.33
45.341
45.351
45.361
45.371
45.382
45.392
45.402
45.412
45.422
45.433
45.443
45.453
45.463
45.474
45.484
45.494
45.504
45.514
45.524
45.535
45.545
45.555
45.565
45.576
45.586
45.596
45.606
45.616
45.627
45.637
45.647
45.657
45.667
45.678
45.688
45.699
45.709
45.719
45.729
45.739
45.75
45.76
45.77
45.781
45.791
45.801
45.811
45.822
45.832
45.842
45.852
45.864
45.874
45.884
45.894
45.905
45.915
45.925
45.935
45.946
45.956
45.966
45.976
45.987
45.997
46.008
46.018
46.028
46.039
46.049
46.059
46.069
46.08
46.09
46.1
46.11
46.12
46.131
46.141
46.151
46.161
46.172
46.182
46.192
46.202
46.212
46.223
46.233
46.243
46.253
46.264
46.274
46.284
46.294
46.305
46.315
46.325
46.336
46.346
46.356
46.366
46.377
46.387
46.397
46.407
46.418
46.428
46.438
46.448
46.459
46.469
46.479
46.489
46.499
46.51
46.52
46.534
46.544
46.555
46.565
46.575
46.585
46.596
46.606
46.616
46.626
46.637
46.647
46.657
46.667
46.678
46.688
46.701
46.711
46.722
46.732
46.742
46.752
46.763
46.773
46.783
46.793
46.804
46.814
46.824
46.834
46.844
46.855
46.868
46.878
46.888
46.899
46.909
46.919
46.929
46.94
46.95
46.96
46.97
46.981
46.991
47.001
47.012
47.022
47.035
47.045
47.055
47.066
47.076
47.086
47.096
47.106
47.117
47.127
47.137
47.148
47.158
47.168
47.178
47.189
47.199
47.209
47.22
47.23
47.24
47.25
47.26
47.27
47.281
47.291
47.301
47.311
47.321
47.331
47.342
47.357
47.367
47.377
47.388
47.398
47.408
47.419
47.429
47.439
47.45
47.46
47.47
47.481
47.491
47.501
47.516
47.526
47.537
47.549
47.56
47.571
47.582
47.593
47.604
47.615
47.626
47.638
47.649
47.66
47.67
47.681
47.691
47.701
47.711
47.722
