0
0.011
0.021
0.032
0.042
0.052
0.062
0.073
0.083
0.093
0.103
0.114
0.124
0.134
0.145
0.155
0.165
0.175
0.185
0.196
0.206
0.216
0.227
0.237
0.247
0.257
0.268
0.278
0.288
0.298
0.309
0.319
0.329
0.339
0.35
0.36
0.37
0.381
0.391
0.401
0.411
0.422
0.432
0.442
0.452
0.462
0.473
0.483
0.493
0.504
0.514
0.524
0.534
0.545
0.559
0.569
0.579
0.589
0.6
0.61
0.62
0.63
0.64
0.65
0.661
0.671
0.681
0.691
0.701
0.712
0.722
0.732
0.742
0.753
0.763
0.773
0.783
0.793
0.804
0.814
0.824
0.834
0.845
0.855
0.865
0.875
0.886
0.905
0.915
0.925
0.935
0.945
0.956
0.966
0.976
0.986
0.996
1.007
1.017
1.027
1.037
1.048
1.059
1.069
1.079
1.089
1.1
1.11
1.12
1.13
1.141
1.151
1.161
1.172
1.182
1.192
1.202
1.213
1.223
1.235
1.245
1.255
1.265
1.276
1.286
1.296
1.306
1.316
1.327
1.337
1.347
1.358
1.368
1.378
1.388
1.399
1.418
1.428
1.438
1.448
1.459
1.469
1.479
1.49
1.5
1.51
1.52
1.531
1.541
1.551
1.561
1.572
1.582
1.592
1.603
1.613
1.623
1.633
1.644
1.654
1.664
1.674
1.684
1.695
1.705
1.715
1.725
1.735
1.746
1.756
1.766
1.777
1.787
1.797
1.807
1.817
1.828
1.838
1.848
1.858
1.868
1.878
1.889
1.899
1.909
1.92
1.93
1.94
1.95
1.96
1.971
1.981
1.991
2.001
2.011
2.021
2.032
2.042
2.052
2.063
2.073
2.086
2.097
2.107
2.117
2.128
2.138
2.148
2.159
2.169
2.18
2.19
2.2
2.21
2.221
2.231
2.241
2.252
2.262
2.272
2.282
2.293
2.303
2.313
2.323
2.334
2.344
2.354
2.364
2.375
2.385
2.395
2.416
2.426
2.437
2.447
2.457
2.468
2.478
2.488
2.499
2.509
2.519
2.529
2.54
2.55
2.56
2.571
2.581
2.591
2.601
2.612
2.622
2.632
2.643
2.653
2.663
2.673
2.684
2.694
2.704
2.714
2.725
2.735
2.745
2.755
2.766
2.776
2.786
2.797
2.807
2.817
2.827
2.838
2.848
2.858
2.869
2.879
2.889
2.899
2.91
2.92
2.93
2.94
2.951
2.961
2.971
2.981
2.991
3.002
3.012
3.022
3.032
3.043
3.053
3.063
3.073
3.084
3.094
3.104
3.114
3.124
3.135
3.145
3.155
3.165
3.176
3.186
3.196
3.206
3.217
3.227
3.237
3.255
3.265
3.275
3.285
3.296
3.306
3.316
3.326
3.337
3.347
3.357
3.367
3.378
3.388
3.398
3.408
3.419
3.429
3.439
3.449
3.46
3.47
3.48
3.491
3.501
3.511
3.522
3.532
3.542
3.553
3.563
3.573
3.583
3.593
3.604
3.614
3.624
3.634
3.645
3.655
3.665
3.675
3.686
3.696
3.707
3.717
3.727
3.737
3.748
3.758
3.777
3.787
3.797
3.807
3.818
3.828
3.838
3.848
3.859
3.869
3.879
3.889
3.9
3.91
3.92
3.931
3.941
3.951
3.961
3.972
3.982
3.992
4.002
4.012
4.023
4.033
4.043
4.053
4.063
4.073
4.084
4.094
4.105
4.115
4.125
4.135
4.146
4.156
4.166
4.176
4.186
4.197
4.207
4.217
4.227
4.237
4.248
4.258
4.268
4.278
4.289
4.299
4.309
4.32
4.33
4.34
4.35
4.361
4.371
4.381
4.392
4.402
4.412
4.423
4.433
4.443
4.453
4.464
4.474
4.485
4.495
4.505
4.515
4.526
4.536
4.546
4.556
4.567
4.577
4.587
4.598
4.608
4.618
4.629
4.639
4.649
4.659
4.67
4.68
4.69
4.701
4.711
4.722
4.732
4.742
4.752
4.762
4.773
4.783
4.793
4.803
4.814
4.824
4.834
4.844
4.855
4.865
4.875
4.885
4.896
4.906
4.916
4.926
4.937
4.947
4.957
4.967
4.978
4.988
4.998
5.022
5.032
5.043
5.053
5.064
5.074
5.084
5.095
5.105
5.115
5.126
5.136
5.146
5.157
5.167
5.177
5.188
5.198
5.208
5.218
5.228
5.239
5.249
5.259
5.27
5.28
5.29
5.3
5.311
5.321
5.331
5.341
5.351
5.362
5.372
5.382
5.393
5.403
5.413
5.424
5.434
5.444
5.454
5.464
5.475
5.485
5.495
5.505
5.515
5.525
5.536
5.546
5.557
5.567
5.577
5.587
5.598
5.608
5.619
5.629
5.639
5.65
5.66
5.67
5.68
5.69
5.701
5.711
5.721
5.731
5.742
5.752
5.762
5.772
5.783
5.793
5.803
5.813
5.823
5.834
5.844
5.854
5.864
5.874
5.884
5.895
5.906
5.916
5.926
5.936
5.946
5.963
5.973
5.983
5.993
6.004
6.014
6.024
6.034
6.044
6.055
6.065
6.075
6.086
6.096
6.106
6.116
6.126
6.137
6.147
6.157
6.167
6.177
6.188
6.198
6.208
6.218
6.228
6.239
6.249
6.259
6.269
6.28
6.29
6.3
6.31
6.321
6.331
6.341
6.351
6.361
6.372
6.382
6.392
6.402
6.412
6.422
6.433
6.443
6.453
6.463
6.474
6.484
6.494
6.504
6.514
6.525
6.535
6.545
6.555
6.565
6.576
6.586
6.596
6.607
6.617
6.627
6.637
6.658
6.668
6.679
6.691
6.703
6.715
6.727
6.739
6.751
6.762
6.773
6.783
6.793
6.804
6.814
6.83
6.84
6.851
6.861
6.872
6.882
6.892
6.903
6.913
6.923
6.934
6.944
6.954
6.965
6.975
6.985
6.996
7.006
7.016
7.026
7.037
7.047
7.057
7.067
7.077
7.088
7.098
7.108
7.119
7.129
7.139
7.15
7.16
7.17
7.18
7.191
7.201
7.211
7.222
7.232
7.242
7.252
7.263
7.273
7.283
7.294
7.304
7.314
7.324
7.334
7.345
7.355
7.365
7.375
7.386
7.396
7.407
7.417
7.427
7.438
7.448
7.458
7.469
7.479
7.489
7.503
7.513
7.523
7.534
7.544
7.554
7.564
7.574
7.584
7.594
7.605
7.615
7.625
7.635
7.646
7.656
7.666
7.676
7.686
7.697
7.707
7.717
7.727
7.737
7.748
7.758
7.768
7.778
7.789
7.799
7.809
7.819
7.83
7.84
7.85
7.86
7.871
7.881
7.891
7.901
7.911
7.922
7.932
7.942
7.952
7.962
7.973
7.983
7.993
8.003
8.013
8.024
8.034
8.044
8.054
8.065
8.075
8.085
8.095
8.106
8.116
8.126
8.136
8.146
8.157
8.167
8.177
8.187
8.198
8.208
8.218
8.229
8.239
8.249
8.26
8.27
8.28
8.29
8.301
8.311
8.321
8.332
8.342
8.352
8.362
8.372
8.383
8.393
8.403
8.413
8.424
8.434
8.444
8.455
8.465
8.475
8.485
8.495
8.506
8.516
8.526
8.536
8.547
8.557
8.567
8.578
8.588
8.598
8.608
8.618
8.628
8.639
8.649
8.659
8.669
8.679
8.69
8.7
8.71
8.72
8.73
8.741
8.751
8.761
8.771
8.781
8.791
8.802
8.812
8.822
8.832
8.843
8.853
8.863
8.873
8.883
8.893
8.904
8.914
8.924
8.934
8.945
8.955
8.965
8.975
8.986
8.996
9.006
9.016
9.026
9.037
9.047
9.057
9.068
9.078
9.088
9.098
9.109
9.119
9.129
9.139
9.15
9.16
9.17
9.18
9.19
9.201
9.211
9.221
9.232
9.242
9.252
9.262
9.273
9.283
9.293
9.303
9.314
9.324
9.334
9.344
9.355
9.365
9.375
9.385
9.396
9.406
9.416
9.426
9.437
9.447
9.457
9.467
9.478
9.488
9.498
9.508
9.519
9.529
9.539
9.549
9.56
9.57
9.58
9.59
9.6
9.61
9.621
9.631
9.641
9.652
9.662
9.672
9.683
9.693
9.703
9.713
9.724
9.734
9.744
9.754
9.764
9.775
9.785
9.795
9.805
9.816
9.826
9.836
9.847
9.857
9.867
9.877
9.888
9.898
9.908
9.918
9.928
9.939
9.949
9.959
9.969
9.979
9.99
10
10.019
10.037
10.048
10.058
10.068
10.078
10.089
10.099
10.109
10.119
10.129
10.14
10.15
10.16
10.17
10.181
10.191
10.201
10.211
10.221
10.232
10.242
10.252
10.263
10.273
10.283
10.293
10.304
10.314
10.324
10.334
10.344
10.355
10.365
10.375
10.386
10.396
10.406
10.416
10.426
10.437
10.447
10.457
10.467
10.478
10.488
10.498
10.508
10.519
10.529
10.539
10.549
10.56
10.57
10.58
10.591
10.601
10.611
10.621
10.632
10.642
10.652
10.662
10.673
10.683
10.693
10.703
10.714
10.724
10.734
10.745
10.755
10.765
10.775
10.786
10.796
10.806
10.817
10.827
10.837
10.848
10.858
10.868
10.879
10.889
10.901
10.914
10.926
10.936
10.946
10.956
10.967
10.977
10.987
10.998
11.008
11.018
11.028
11.039
11.051
11.061
11.071
11.082
11.092
11.102
11.113
11.123
11.133
11.144
11.154
11.164
11.175
11.185
11.195
11.206
11.222
11.233
11.243
11.253
11.263
11.273
11.284
11.294
11.305
11.315
11.325
11.335
11.346
11.356
11.366
11.377
11.387
11.397
11.407
11.418
11.428
11.438
11.448
11.459
11.469
11.479
11.49
11.5
11.51
11.521
11.531
11.541
11.551
11.561
11.572
11.582
11.592
11.602
11.613
11.623
11.633
11.644
11.654
11.664
11.675
11.685
11.696
11.706
11.716
11.726
11.737
11.747
11.758
11.768
11.778
11.789
11.799
11.809
11.82
11.83
11.841
11.851
11.861
11.872
11.882
11.892
11.902
11.913
11.923
11.933
11.944
11.954
11.964
11.974
11.985
11.995
12.005
12.015
12.026
12.036
12.046
12.057
12.067
12.077
12.088
12.098
12.108
12.118
12.128
12.139
12.149
12.159
12.169
12.179
12.19
12.2
12.21
12.22
12.231
12.241
12.251
12.261
12.272
12.282
12.292
12.302
12.313
12.323
12.333
12.343
12.354
12.364
12.374
12.384
12.394
12.405
12.415
12.426
12.436
12.446
12.456
12.466
12.477
12.487
12.497
12.507
12.518
12.528
12.538
12.548
12.559
12.569
12.579
12.59
12.6
12.61
12.621
12.631
12.641
12.651
12.662
12.672
12.682
12.692
12.702
12.713
12.723
12.733
12.743
12.754
12.764
12.774
12.784
12.795
12.805
12.815
12.826
12.836
12.846
12.856
12.867
12.877
12.887
12.898
12.908
12.918
12.928
12.94
12.951
12.963
12.975
12.987
12.999
13.011
13.022
13.032
13.043
13.053
13.063
13.074
13.084
13.095
13.105
13.115
13.126
13.136
13.146
13.157
13.167
13.177
13.187
13.197
13.207
13.218
13.228
13.238
13.249
13.259
13.269
13.279
13.29
13.3
13.31
13.32
13.331
13.341
13.351
13.361
13.372
13.382
13.392
13.402
13.412
13.423
13.433
13.443
13.453
13.463
13.474
13.484
13.494
13.504
13.514
13.525
13.535
13.545
13.555
13.566
13.576
13.586
13.596
13.607
13.617
13.627
13.637
13.647
13.658
13.668
13.678
13.688
13.699
13.709
13.719
13.73
13.74
13.75
13.76
13.773
13.784
13.794
13.804
13.814
13.825
13.835
13.845
13.855
13.866
13.876
13.886
13.896
13.907
13.917
13.927
13.938
13.948
13.958
13.969
13.979
13.989
13.999
14.01
14.02
14.03
14.04
14.051
14.061
14.071
14.081
14.092
14.102
14.112
14.122
14.133
14.143
14.153
14.163
14.174
14.184
14.194
14.204
14.214
14.225
14.235
14.245
14.255
14.266
14.276
14.286
14.296
14.307
14.317
14.327
14.338
14.348
14.358
14.369
14.379
14.389
14.399
14.409
14.42
14.43
14.44
14.451
14.461
14.471
14.481
14.492
14.502
14.512
14.522
14.532
14.543
14.553
14.563
14.575
14.585
14.595
14.605
14.616
14.626
14.636
14.646
14.656
14.667
14.677
14.687
14.698
14.708
14.718
14.728
14.739
14.749
14.759
14.769
14.78
14.79
14.801
14.811
14.821
14.832
14.842
14.852
14.863
14.873
14.883
14.893
14.904
14.914
14.924
14.934
14.945
14.955
14.965
14.975
14.986
14.996
15.006
15.035
15.046
15.056
15.066
15.088
15.098
15.11
15.121
15.133
15.144
15.156
15.167
15.179
15.191
15.203
15.215
15.228
15.238
15.248
15.264
15.275
15.285
15.295
15.305
15.315
15.326
15.336
15.346
15.357
15.367
15.377
15.387
15.397
15.408
15.418
15.428
15.439
15.449
15.46
15.47
15.48
15.491
15.501
15.511
15.521
15.532
15.542
15.553
15.563
15.573
15.583
15.594
15.605
15.616
15.626
15.636
15.646
15.657
15.667
15.677
15.687
15.698
15.708
15.718
15.729
15.739
15.749
15.76
15.77
15.78
15.79
15.801
15.811
15.821
15.831
15.842
15.852
15.862
15.872
15.883
15.893
15.903
15.913
15.924
15.934
15.944
15.954
15.965
15.975
15.986
15.996
16.006
16.016
16.027
16.037
16.047
16.058
16.068
16.078
16.089
16.099
16.109
16.12
16.13
16.14
16.15
16.161
16.171
16.181
16.191
16.201
16.212
16.222
16.232
16.242
16.253
16.263
16.273
16.294
16.305
16.315
16.325
16.335
16.345
16.355
16.366
16.376
16.386
16.396
16.406
16.417
16.427
16.437
16.447
16.458
16.468
16.479
16.489
16.499
16.509
16.52
16.53
16.54
16.55
16.56
16.571
16.581
16.591
16.602
16.612
16.622
16.632
16.643
16.653
16.663
16.674
16.684
16.695
16.705
16.715
16.725
16.736
16.746
16.756
16.766
16.777
16.787
16.797
16.808
16.818
16.828
16.838
16.849
16.859
16.87
16.88
16.89
16.9
16.911
16.921
16.931
16.942
16.952
16.962
16.972
16.983
16.993
17.003
17.013
17.024
17.034
17.044
17.054
17.064
17.075
17.085
17.095
17.106
17.116
17.126
17.136
17.147
17.157
17.168
17.178
17.189
17.199
17.209
17.219
17.23
17.24
17.25
17.26
17.271
17.281
17.292
17.302
17.312
17.323
17.333
17.343
17.353
17.364
17.374
17.384
17.395
17.405
17.415
17.425
17.435
17.446
17.456
17.467
17.477
17.487
17.497
17.508
17.518
17.528
17.538
17.548
17.559
17.569
17.579
17.59
17.6
17.61
17.62
17.635
17.645
17.656
17.668
17.679
17.691
17.702
17.713
17.725
17.736
17.748
17.758
17.769
17.779
17.789
17.8
17.81
17.822
17.834
17.844
17.854
17.864
17.874
17.885
17.895
17.905
17.915
17.926
17.936
17.946
17.957
17.967
17.977
17.987
17.998
18.008
18.018
18.028
18.039
18.049
18.059
18.069
18.079
18.09
18.1
18.11
18.121
18.131
18.141
18.152
18.162
18.172
18.182
18.193
18.203
18.213
18.223
18.234
18.244
18.254
18.265
18.275
18.285
18.296
18.306
18.316
18.327
18.337
18.347
18.358
18.368
18.378
18.389
18.399
18.409
18.419
18.429
18.44
18.45
18.46
18.47
18.481
18.491
18.501
18.511
18.522
18.532
18.542
18.552
18.563
18.573
18.583
18.593
18.604
18.614
18.624
18.635
18.651
18.661
18.671
18.682
18.692
18.702
18.712
18.723
18.733
18.743
18.753
18.764
18.774
18.784
18.794
18.805
18.815
18.825
18.836
18.846
18.856
18.867
18.877
18.887
18.897
18.908
18.918
18.928
18.938
18.949
18.959
18.969
18.98
18.99
19
19.011
19.021
19.031
19.041
19.051
19.062
19.072
19.082
19.092
19.103
19.113
19.123
19.133
19.144
19.159
19.17
19.18
19.19
19.2
19.21
19.221
19.231
19.241
19.251
19.262
19.272
19.282
19.293
19.303
19.325
19.335
19.346
19.356
19.366
19.376
19.386
19.396
19.407
19.417
19.427
19.438
19.448
19.458
19.468
19.479
19.489
19.499
19.509
19.52
19.53
19.54
19.55
19.561
19.571
19.581
19.591
19.602
19.612
19.622
19.632
19.643
19.653
19.663
19.674
19.684
19.694
19.704
19.715
19.725
19.735
19.746
19.756
19.766
19.776
19.786
19.797
19.807
19.818
19.828
19.838
19.848
19.859
19.869
19.879
19.89
19.9
19.91
19.92
19.931
19.941
19.951
19.962
19.972
19.982
19.992
20.003
20.018
20.028
20.038
20.048
20.059
20.069
20.079
20.09
20.1
20.11
20.121
20.131
20.141
20.152
20.162
20.172
20.182
20.193
20.203
20.213
20.223
20.234
20.244
20.254
20.265
20.275
20.285
20.296
20.306
20.316
20.327
20.337
20.347
20.358
20.368
20.378
20.389
20.399
20.409
20.419
20.43
20.44
20.45
20.461
20.471
20.481
20.491
20.501
20.512
20.522
20.532
20.542
20.552
20.563
20.573
20.583
20.593
20.603
20.614
20.624
20.634
20.645
20.655
20.665
20.675
20.686
20.696
20.706
20.716
20.726
20.737
20.747
20.757
20.767
20.777
20.788
20.798
20.808
20.818
20.829
20.839
20.849
20.859
20.87
20.88
20.89
20.9
20.911
20.921
20.931
20.942
20.952
20.962
20.972
20.983
20.993
21.003
21.014
21.024
21.034
21.044
21.055
21.065
21.075
21.085
21.096
21.106
21.116
21.127
21.137
21.147
21.158
21.168
21.178
21.188
21.198
21.209
21.219
21.229
21.24
21.25
21.26
21.27
21.281
21.291
21.301
21.311
21.322
21.332
21.342
21.352
21.37
21.38
21.391
21.401
21.411
21.421
21.431
21.442
21.452
21.462
21.472
21.482
21.493
21.503
21.513
21.524
21.534
21.544
21.556
21.566
21.577
21.587
21.597
21.607
21.618
21.628
21.638
21.648
21.659
21.669
21.679
21.689
21.7
21.71
21.72
21.73
21.741
21.751
21.761
21.771
21.781
21.792
21.802
21.812
21.822
21.832
21.842
21.853
21.863
21.873
21.883
21.894
21.904
21.914
21.924
21.935
21.945
21.955
21.965
21.976
21.986
21.996
22.006
22.016
22.027
22.037
22.047
22.057
22.068
22.078
22.088
22.099
22.109
22.119
22.129
22.14
22.15
22.16
22.17
22.181
22.191
22.201
22.211
22.221
22.232
22.242
22.252
22.262
22.273
22.283
22.293
22.303
22.314
22.324
22.334
22.344
22.355
22.365
22.375
22.385
22.396
22.406
22.416
22.426
22.437
22.447
22.457
22.467
22.478
22.488
22.498
22.509
22.519
22.529
22.54
22.55
22.561
22.571
22.581
22.591
22.601
22.612
22.622
22.632
22.642
22.652
22.663
22.673
22.683
22.694
22.704
22.714
22.725
22.735
22.745
22.755
22.766
22.776
22.786
22.797
22.807
22.817
22.828
22.838
22.848
22.858
22.868
22.879
22.889
22.899
22.91
22.92
22.93
22.94
22.951
22.961
22.971
22.981
22.992
23.002
23.012
23.022
23.033
23.043
23.053
23.063
23.073
23.084
23.094
23.104
23.114
23.124
23.135
23.145
23.155
23.165
23.175
23.186
23.196
23.206
23.216
23.231
23.241
23.251
23.261
23.272
23.282
23.292
23.302
23.313
23.323
23.333
23.343
23.354
23.364
23.374
23.384
23.395
23.405
23.415
23.425
23.435
23.446
23.456
23.466
23.476
23.487
23.497
23.507
23.518
23.528
23.538
23.549
23.559
23.569
23.579
23.59
23.6
23.61
23.621
23.631
23.641
23.651
23.661
23.672
23.682
23.692
23.702
23.713
23.723
23.743
23.753
23.763
23.774
23.784
23.794
23.804
23.815
23.825
23.835
23.846
23.856
23.866
23.876
23.887
23.897
23.907
23.918
23.928
23.938
23.949
23.959
23.969
23.979
23.989
24
24.01
24.02
24.03
24.04
24.05
24.061
24.071
24.081
24.091
24.102
24.112
24.122
24.132
24.143
24.153
24.163
24.173
24.184
24.194
24.204
24.214
24.225
24.235
24.245
24.255
24.265
24.276
24.286
24.296
24.306
24.316
24.327
24.337
24.347
24.357
24.367
24.377
24.388
24.398
24.408
24.419
24.431
24.441
24.451
24.462
24.472
24.482
24.493
24.503
24.513
24.524
24.534
24.544
24.554
24.565
24.575
24.585
24.596
24.606
24.616
24.626
24.636
24.647
24.657
24.667
24.677
24.687
24.698
24.708
24.718
24.728
24.738
24.749
24.759
24.769
24.78
24.79
24.8
24.81
24.82
24.831
24.841
24.851
24.861
24.871
24.882
24.892
24.902
24.913
24.923
24.933
24.943
24.954
24.964
24.974
24.985
24.995
25.005
25.027
25.038
25.048
25.058
25.068
25.079
25.089
25.099
25.11
25.12
25.13
25.14
25.151
25.161
25.171
25.182
25.192
25.202
25.213
25.223
25.233
25.243
25.254
25.264
25.274
25.284
25.295
25.305
25.315
25.325
25.335
25.346
25.356
25.366
25.376
25.386
25.397
25.407
25.417
25.428
25.438
25.448
25.458
25.469
25.481
25.491
25.501
25.511
25.522
25.532
25.542
25.552
25.562
25.573
25.583
25.593
25.603
25.613
25.624
25.634
25.644
25.654
25.665
25.675
25.685
25.695
25.706
25.716
25.726
25.736
25.747
25.757
25.767
25.777
25.788
25.798
25.808
25.818
25.829
25.839
25.849
25.859
25.869
25.88
25.89
25.9
25.91
25.92
25.931
25.941
25.951
25.961
25.972
25.982
25.992
26.003
26.016
26.028
26.041
26.053
26.065
26.077
26.09
26.104
26.116
26.129
26.15
26.161
26.171
26.181
26.191
26.202
26.212
26.222
26.232
26.243
26.253
26.263
26.273
26.284
26.294
26.304
26.323
26.334
26.344
26.354
26.364
26.374
26.385
26.395
26.405
26.415
26.425
26.436
26.446
26.456
26.466
26.477
26.487
26.497
26.509
26.519
26.53
26.54
26.55
26.56
26.571
26.581
26.591
26.601
26.612
26.622
26.632
26.643
26.654
26.664
26.675
26.685
26.695
26.706
26.716
26.726
26.736
26.746
26.757
26.767
26.777
26.788
26.798
26.809
26.819
26.833
26.843
26.853
26.864
26.874
26.885
26.895
26.905
26.916
26.926
26.936
26.946
26.957
26.967
26.978
26.988
27.003
27.014
27.024
27.034
27.045
27.055
27.065
27.076
27.086
27.096
27.106
27.116
27.127
27.137
27.147
27.158
27.168
27.178
27.188
27.199
27.209
27.219
27.229
27.24
27.25
27.26
27.271
27.281
27.291
27.301
27.312
27.322
27.332
27.342
27.352
27.363
27.374
27.386
27.397
27.411
27.424
27.436
27.449
27.461
27.473
27.485
27.497
27.507
27.52
27.531
27.541
27.551
27.561
27.572
27.582
27.592
27.603
27.613
27.623
27.633
27.643
27.654
27.664
27.674
27.685
27.695
27.705
27.715
27.726
27.736
27.746
27.757
27.767
27.777
27.787
27.798
27.808
27.818
27.828
27.839
27.849
27.859
27.869
27.879
27.89
27.9
27.91
27.92
27.93
27.941
27.951
27.961
27.972
27.982
27.992
28.002
28.012
28.023
28.039
28.049
28.059
28.069
28.08
28.09
28.1
28.11
28.121
28.131
28.141
28.152
28.162
28.172
28.182
28.193
28.203
28.213
28.223
28.234
28.244
28.254
28.264
28.275
28.285
28.295
28.305
28.316
28.326
28.336
28.346
28.357
28.367
28.377
28.387
28.398
28.408
28.418
28.428
28.438
28.448
28.459
28.469
28.479
28.49
28.5
28.51
28.521
28.531
28.548
28.558
28.569
28.579
28.589
28.6
28.61
28.62
28.631
28.641
28.651
28.662
28.672
28.682
28.692
28.703
28.719
28.729
28.74
28.75
28.76
28.77
28.781
28.791
28.801
28.812
28.822
28.833
28.843
28.854
28.864
28.874
28.885
28.895
28.905
28.915
28.926
28.936
28.946
28.956
28.967
28.983
28.994
29.004
29.014
29.024
29.035
29.045
29.055
29.065
29.076
29.086
29.096
29.106
29.117
29.127
29.137
29.147
29.157
29.168
29.178
29.188
29.198
29.208
29.218
29.229
29.239
29.249
29.26
29.27
29.28
29.29
29.3
29.311
29.321
29.331
29.341
29.352
29.362
29.372
29.382
29.395
29.405
29.415
29.425
29.436
29.446
29.456
29.467
29.477
29.487
29.497
29.507
29.518
29.528
29.538
29.548
29.559
29.569
29.579
29.59
29.6
29.61
29.621
29.631
29.641
29.652
29.662
29.672
29.682
29.693
29.703
29.713
29.723
29.734
29.744
29.754
29.764
29.775
29.785
29.795
29.805
29.816
29.826
29.836
29.846
29.856
29.866
29.877
29.887
29.897
29.907
29.918
29.928
29.938
29.948
29.958
29.969
29.979
29.989
30
30.01
30.026
30.036
30.046
30.057
30.067
30.077
30.087
30.098
30.108
30.118
30.129
30.139
30.149
30.16
30.17
30.18
30.19
30.201
30.211
30.221
30.239
30.249
30.259
30.269
30.28
30.29
30.301
30.311
30.321
30.331
30.342
30.352
30.362
30.372
30.383
30.393
30.403
30.413
30.424
30.434
30.444
30.454
30.465
30.475
30.485
30.495
30.506
30.516
30.526
30.537
30.547
30.557
30.568
30.578
30.588
30.598
30.609
30.619
30.629
30.639
30.649
30.66
30.67
30.68
30.69
30.701
30.711
30.721
30.732
30.742
30.752
30.763
30.773
30.783
30.794
30.804
30.814
30.824
30.834
30.845
30.855
30.865
30.875
30.885
30.896
30.906
30.916
30.926
30.937
30.947
30.957
30.968
30.978
30.988
30.998
31.008
31.019
31.029
31.039
31.049
31.059
31.07
31.094
31.104
31.114
31.125
31.135
31.145
31.155
31.165
31.176
31.186
31.196
31.207
31.217
31.227
31.238
31.248
31.258
31.269
31.281
31.294
31.305
31.315
31.325
31.335
31.346
31.356
31.366
31.377
31.387
31.397
31.407
31.419
31.429
31.439
31.449
31.46
31.47
31.48
31.49
31.501
31.511
31.521
31.531
31.542
31.552
31.562
31.572
31.592
31.603
31.613
31.623
31.633
31.643
31.653
31.664
31.674
31.684
31.694
31.704
31.715
31.725
31.735
31.745
31.756
31.766
31.776
31.787
31.797
31.807
31.817
31.827
31.837
31.848
31.858
31.868
31.878
31.889
31.899
31.909
31.929
31.939
31.95
31.96
31.97
31.98
31.99
32.001
32.011
32.021
32.031
32.042
32.052
32.062
32.072
32.083
32.095
32.105
32.116
32.127
32.137
32.147
32.158
32.168
32.178
32.189
32.199
32.209
32.22
32.23
32.24
32.251
32.261
32.271
32.281
32.291
32.302
32.312
32.322
32.332
32.343
32.353
32.363
32.373
32.384
32.394
32.404
32.414
32.425
32.435
32.445
32.455
32.466
32.476
32.487
32.497
32.507
32.517
32.528
32.538
32.548
32.559
32.569
32.579
32.589
32.6
32.61
32.62
32.63
32.641
32.651
32.661
32.672
32.682
32.692
32.702
32.713
32.723
32.733
32.743
32.754
32.764
32.774
32.784
32.795
32.805
32.815
32.826
32.836
32.846
32.856
32.867
32.877
32.887
32.897
32.908
32.918
32.928
32.938
32.949
32.959
32.969
32.98
32.99
33
33.011
33.021
33.031
33.041
33.052
33.062
33.072
33.082
33.093
33.103
33.113
33.124
33.134
33.144
33.155
33.165
33.175
33.185
33.196
33.206
33.216
33.226
33.237
33.247
33.257
33.267
33.277
33.288
33.298
33.308
33.318
33.329
33.339
33.349
33.359
33.37
33.38
33.39
33.4
33.411
33.421
33.431
33.441
33.452
33.47
33.48
33.491
33.501
33.511
33.521
33.532
33.542
33.552
33.563
33.573
33.583
33.593
33.604
33.614
33.624
33.635
33.645
33.655
33.667
33.677
33.688
33.698
33.708
33.718
33.729
33.739
33.749
33.759
33.77
33.78
33.79
33.801
33.811
33.821
33.831
33.842
33.852
33.862
33.873
33.883
33.893
33.903
33.914
33.924
33.934
33.945
33.955
33.966
33.976
33.986
33.996
34.007
34.017
34.027
34.037
34.047
34.058
34.068
34.078
34.089
34.099
34.109
34.119
34.13
34.14
34.15
34.16
34.171
34.181
34.191
34.202
34.212
34.222
34.232
34.243
34.253
34.263
34.273
34.284
34.294
34.304
34.314
34.325
34.335
34.345
34.356
34.366
34.376
34.386
34.396
34.407
34.417
34.427
34.437
34.447
34.458
34.468
34.478
34.488
34.499
34.509
34.519
34.529
34.54
34.55
34.56
34.57
34.58
34.59
34.601
34.611
34.621
34.631
34.642
34.655
34.665
34.675
34.686
34.696
34.706
34.716
34.726
34.737
34.747
34.757
34.767
34.777
34.787
34.798
34.808
34.818
34.828
34.839
34.849
34.859
34.869
34.88
34.89
34.9
34.91
34.921
34.931
34.941
34.951
34.961
34.972
34.982
34.992
35.002
35.013
35.023
35.034
35.045
35.055
35.065
35.075
35.085
35.095
35.106
35.116
35.126
35.136
35.146
35.157
35.167
35.177
35.187
35.198
35.208
35.218
35.228
35.239
35.249
35.259
35.269
35.28
35.29
35.3
35.31
35.321
35.331
35.341
35.351
35.362
35.372
35.382
35.392
35.402
35.413
35.423
35.433
35.443
35.454
35.464
35.474
35.484
35.495
35.505
35.515
35.525
35.536
35.546
35.556
35.566
35.577
35.587
35.597
35.607
35.618
35.628
35.638
35.649
35.659
35.669
35.679
35.69
35.7
35.71
35.72
35.73
35.74
35.751
35.761
35.771
35.781
35.791
35.802
35.812
35.822
35.832
35.842
35.853
35.863
35.873
35.883
35.894
35.904
35.914
35.925
35.935
35.945
35.955
35.965
35.976
35.986
35.996
36.007
36.017
36.029
36.039
36.049
36.06
36.07
36.08
36.09
36.101
36.111
36.121
36.131
36.141
36.152
36.162
36.172
36.183
36.193
36.203
36.213
36.224
36.234
36.244
36.255
36.265
36.275
36.286
36.296
36.306
36.316
36.327
36.337
36.347
36.366
36.376
36.387
36.397
36.407
36.417
36.428
36.438
36.448
36.459
36.469
36.479
36.489
36.5
36.51
36.52
36.531
36.541
36.551
36.561
36.572
36.582
36.592
36.602
36.613
36.623
36.633
36.643
36.653
36.664
36.674
36.684
36.694
36.705
36.715
36.725
36.735
36.745
36.756
36.766
36.776
36.786
36.797
36.807
36.817
36.827
36.837
36.848
36.858
36.868
36.879
36.889
36.899
36.909
36.919
36.93
36.94
36.95
36.961
36.971
36.981
36.991
37.002
37.012
37.022
37.032
37.043
37.053
37.063
37.074
37.084
37.095
37.105
37.116
37.126
37.136
37.147
37.157
37.167
37.178
37.188
37.198
37.209
37.219
37.229
37.239
37.249
37.26
37.27
37.28
37.291
37.301
37.311
37.321
37.332
37.342
37.352
37.363
37.373
37.383
37.393
37.404
37.414
37.424
37.434
37.445
37.455
37.466
37.476
37.486
37.496
37.506
37.517
37.527
37.537
37.547
37.558
37.568
37.578
37.588
37.599
37.609
37.619
37.629
37.64
37.65
37.66
37.67
37.681
37.691
37.701
37.711
37.722
37.732
37.742
37.752
37.763
37.773
37.783
37.794
37.804
37.814
37.824
37.835
37.845
37.855
37.865
37.876
37.886
37.896
37.907
37.917
37.927
37.937
37.948
37.958
37.968
37.978
37.988
37.999
38.009
38.019
38.029
38.04
38.05
38.06
38.07
38.081
38.091
38.101
38.111
38.121
38.132
38.142
38.152
38.162
38.173
38.183
38.193
38.204
38.214
38.224
38.234
38.245
38.255
38.265
38.275
38.286
38.296
38.306
38.316
38.326
38.337
38.347
38.357
38.368
38.378
38.388
38.398
38.409
38.419
38.429
38.439
38.45
38.46
38.47
38.481
38.491
38.501
38.512
38.522
38.532
38.542
38.553
38.563
38.573
38.583
38.594
38.604
38.614
38.625
38.635
38.645
38.655
38.666
38.676
38.686
38.704
38.715
38.725
38.735
38.745
38.755
38.766
38.776
38.786
38.796
38.806
38.817
38.827
38.837
38.847
38.858
38.868
38.878
38.89
38.903
38.913
38.923
38.934
38.944
38.954
38.964
38.974
38.985
38.995
39.005
39.015
39.026
39.036
39.046
39.056
39.066
39.077
39.087
39.097
39.107
39.117
39.128
39.138
39.148
39.158
39.169
39.179
39.189
39.199
39.209
39.22
39.23
39.24
39.25
39.261
39.271
39.281
39.291
39.301
39.312
39.322
39.332
39.342
39.353
39.363
39.373
39.383
39.395
39.405
39.416
39.426
39.436
39.446
39.456
39.467
39.477
39.487
39.498
39.508
39.518
39.528
39.538
39.549
39.559
39.569
39.58
39.59
39.6
39.61
39.62
39.631
39.641
39.651
39.661
39.672
39.682
39.693
39.703
39.713
39.723
39.734
39.744
39.754
39.765
39.775
39.785
39.795
39.806
39.816
39.826
39.836
39.847
39.857
39.867
39.878
39.888
39.898
39.908
39.919
39.929
39.939
39.949
39.96
39.97
39.98
39.99
40
40.011
40.021
40.031
40.042
40.052
40.062
40.072
40.082
40.093
40.103
40.113
40.124
40.134
40.144
40.155
40.165
40.175
40.185
40.196
40.206
40.216
40.226
40.237
40.247
40.257
40.268
40.278
40.288
40.298
40.308
40.319
40.329
40.339
40.349
40.36
40.37
40.38
40.39
40.401
40.411
40.421
40.432
40.442
40.452
40.462
40.473
40.483
40.493
40.503
40.514
40.524
40.534
40.544
40.555
40.565
40.575
40.585
40.596
40.606
40.616
40.626
40.637
40.647
40.657
40.667
40.677
40.688
40.698
40.708
40.718
40.729
40.739
40.749
40.759
40.769
40.78
40.79
40.8
40.81
40.821
40.831
40.841
40.852
40.862
40.872
40.882
40.893
40.903
40.913
40.923
40.934
40.944
40.954
40.964
40.974
40.985
40.995
41.005
41.015
41.026
41.036
41.046
41.056
41.067
41.077
41.087
41.097
41.107
41.118
41.128
41.138
41.148
41.158
41.168
41.178
41.189
41.199
41.209
41.219
41.23
41.24
41.25
41.261
41.271
41.281
41.291
41.301
41.312
41.322
41.332
41.342
41.353
41.363
41.373
41.383
41.394
41.407
41.417
41.427
41.437
41.448
41.458
41.468
41.478
41.488
41.51
41.52
41.531
41.541
41.551
41.562
41.572
41.582
41.592
41.603
41.613
41.623
41.633
41.643
41.654
41.664
41.674
41.685
41.695
41.705
41.715
41.726
41.736
41.746
41.756
41.767
41.777
41.787
41.797
41.807
41.818
41.828
41.838
41.848
41.858
41.869
41.879
41.889
41.899
41.909
41.928
41.938
41.948
41.959
41.969
41.979
41.989
42
42.01
42.02
42.03
42.041
42.051
42.061
42.071
42.082
42.092
42.102
42.112
42.123
42.133
42.144
42.154
42.164
42.174
42.185
42.195
42.205
42.215
42.226
42.236
42.246
42.256
42.267
42.277
42.287
42.297
42.308
42.318
42.328
42.338
42.349
42.359
42.369
42.379
42.39
42.4
42.41
42.42
42.431
42.447
42.457
42.467
42.478
42.488
42.498
42.509
42.519
42.529
42.54
42.55
42.56
42.57
42.581
42.591
42.601
42.611
42.622
42.632
42.642
42.653
42.663
42.673
42.683
42.694
42.704
42.714
42.725
42.735
42.745
42.756
42.766
42.776
42.786
42.797
42.807
42.817
42.827
42.838
42.848
42.858
42.869
42.879
42.889
42.9
42.91
42.92
42.93
42.941
42.951
42.961
42.971
42.982
42.992
43.002
43.013
43.023
43.033
43.043
43.054
43.064
43.074
43.084
43.095
43.105
43.115
43.125
43.136
43.146
43.156
43.167
43.177
43.187
43.197
43.207
43.218
43.228
43.238
43.249
43.259
43.269
43.287
43.297
43.307
43.317
43.327
43.338
43.348
43.358
43.368
43.379
43.389
43.399
43.409
43.42
43.43
43.44
43.451
43.461
43.471
43.481
43.492
43.502
43.512
43.522
43.532
43.543
43.553
43.563
43.573
43.584
43.594
43.604
43.614
43.625
43.635
43.645
43.655
43.666
43.676
43.686
43.696
43.707
43.717
43.728
43.738
43.748
43.759
43.769
43.779
43.79
43.8
43.81
43.82
43.83
43.841
43.851
43.862
43.872
43.882
43.892
43.902
43.913
43.923
43.933
43.944
43.954
43.964
43.975
43.985
43.995
44.005
44.015
44.041
44.051
44.062
44.072
44.082
44.092
44.102
44.113
44.123
44.133
44.144
44.154
44.164
44.174
44.184
44.195
44.205
44.215
44.225
44.236
44.246
44.256
44.266
44.277
44.287
44.297
44.307
44.318
44.328
44.338
44.349
44.359
44.369
44.38
44.39
44.4
44.41
44.42
44.43
44.441
44.451
44.461
44.471
44.482
44.492
44.502
44.512
44.523
44.533
44.543
44.553
44.564
44.574
44.584
44.594
44.605
44.615
44.625
44.636
44.647
44.657
44.667
44.677
44.688
44.698
44.708
44.718
44.728
44.739
44.749
44.759
44.769
44.78
44.79
44.8
44.81
44.82
44.831
44.841
44.851
44.861
44.872
44.882
44.892
44.902
44.913
44.923
44.933
44.943
44.953
44.964
44.974
44.984
44.995
45.005
45.015
45.025
45.036
45.046
45.056
45.066
45.077
45.087
45.097
45.108
45.118
45.128
45.138
45.149
45.159
45.169
45.18
45.19
45.2
45.211
45.221
45.231
45.242
45.252
45.262
45.273
45.283
45.293
45.304
45.314
45.324
45.335
45.345
45.355
45.365
45.375
45.385
45.396
45.406
45.416
45.426
45.437
45.447
45.457
45.467
45.478
45.488
45.498
45.508
45.519
45.529
45.539
45.549
45.56
45.57
45.58
45.59
45.601
45.611
45.621
45.632
45.642
45.653
45.663
45.673
45.683
45.694
45.704
45.714
45.724
45.734
45.745
45.755
45.765
45.775
45.786
45.796
45.806
45.816
45.827
45.837
45.847
45.857
45.868
45.878
45.888
45.898
45.908
45.919
45.929
45.939
45.95
45.96
45.97
45.981
45.991
46.001
46.012
46.022
46.032
46.042
46.053
46.063
46.073
46.083
46.093
46.104
46.114
46.124
46.134
46.145
46.155
46.165
46.176
46.186
46.196
46.206
46.216
46.226
46.237
46.247
46.257
46.268
46.278
46.288
46.298
46.308
46.319
46.329
46.339
46.349
46.36
46.37
46.38
46.39
46.4
46.411
46.421
46.431
46.442
46.452
46.462
46.472
46.482
46.493
46.513
46.523
46.533
46.544
46.554
46.564
46.574
46.584
46.595
46.606
46.616
46.626
46.636
46.647
46.657
46.667
46.677
46.688
46.698
46.708
46.719
46.729
46.739
46.749
46.759
46.77
46.78
46.79
46.801
46.811
46.821
46.831
46.851
46.861
46.871
46.882
46.892
46.902
46.913
46.923
46.933
46.943
46.953
46.964
46.974
46.984
46.995
47.006
47.016
47.026
47.037
47.047
47.057
47.068
47.078
47.088
47.098
47.108
47.119
47.129
47.139
47.149
47.16
47.18
47.19
47.2
47.21
47.221
47.231
47.241
47.251
47.262
47.272
47.282
47.292
47.303
47.313
47.323
47.334
47.344
47.354
47.365
47.375
47.385
47.395
47.406
47.416
47.426
47.437
47.447
47.458
47.468
47.478
47.489
47.499
47.509
47.519
47.53
47.54
47.55
47.56
47.571
47.581
47.591
47.601
47.612
47.622
47.632
47.643
47.653
47.663
47.673
47.684
47.694
47.704
47.714
47.725
47.735
47.745
47.755
47.766
47.776
47.786
47.796
47.806
47.817
47.827
47.845
47.855
47.867
47.878
47.889
47.901
47.913
47.924
47.936
47.948
47.959
47.971
47.982
47.992
48.009
48.019
48.031
48.043
48.053
48.064
48.074
48.084
48.095
48.105
48.115
48.126
48.136
48.146
48.156
48.171
48.181
48.191
48.202
48.212
48.222
48.233
48.243
48.254
48.264
48.274
48.285
48.295
48.305
48.315
48.326
48.336
48.346
48.357
48.367
48.377
48.387
48.398
48.408
48.418
48.429
48.439
48.449
48.46
48.47
48.48
48.49
48.501
48.511
48.521
48.531
48.542
48.552
48.562
48.572
48.583
48.593
48.603
48.613
48.623
48.634
48.644
48.654
48.664
48.675
48.685
48.695
48.706
48.716
48.726
48.737
48.747
48.757
48.767
48.778
48.788
48.798
48.809
48.819
48.829
48.839
48.849
48.86
48.87
48.881
48.891
48.901
48.912
48.922
48.932
48.942
48.952
48.963
48.973
48.983
48.994
49.004
49.014
49.024
49.035
49.045
49.055
49.065
49.076
49.086
49.096
49.107
49.117
49.127
49.138
49.148
49.158
49.169
49.179
49.189
49.2
49.21
49.22
49.23
49.241
49.251
49.261
49.272
49.282
49.292
49.302
49.313
49.323
49.333
49.343
49.354
49.364
49.374
49.384
49.395
49.405
49.415
49.426
49.436
49.446
49.457
49.467
49.477
49.487
49.498
49.508
49.518
49.528
49.539
49.549
49.559
49.569
49.579
49.59
49.6
49.61
49.62
49.631
49.641
49.651
49.661
49.671
49.682
49.692
49.702
49.712
49.723
49.733
49.743
49.753
49.764
49.774
49.784
49.795
49.805
49.815
49.825
49.836
49.846
49.856
49.867
49.877
49.887
49.898
49.908
49.918
49.928
49.939
49.949
49.959
49.97
49.98
49.991
50.001
50.011
50.021
50.032
50.042
50.053
50.063
50.073
50.084
50.094
50.104
50.114
50.125
50.135
50.146
50.156
50.166
50.177
50.187
50.197
50.207
50.217
50.228
50.238
50.248
50.259
50.269
50.28
50.29
50.3
50.31
50.321
50.331
50.341
50.351
50.362
50.372
50.382
50.393
50.403
50.413
50.423
50.434
50.444
50.454
50.464
50.475
50.485
50.495
50.505
50.515
50.526
50.536
50.546
50.557
50.567
50.577
50.588
50.598
50.608
50.618
50.628
50.639
50.649
50.659
50.669
50.68
50.69
50.7
50.71
50.721
50.731
50.741
50.751
50.761
50.772
50.782
50.792
50.803
50.813
50.823
50.833
50.844
50.854
50.864
50.874
50.885
50.895
50.905
50.915
50.926
50.936
50.946
50.956
50.967
50.977
50.988
50.998
51.008
51.018
51.028
51.039
51.049
51.059
51.069
51.08
51.09
51.1
51.11
51.121
51.131
51.141
51.152
51.162
51.172
51.182
51.193
51.203
51.214
51.226
51.238
51.25
51.262
51.272
51.282
51.293
51.303
51.313
51.323
51.334
51.344
51.354
51.367
51.377
51.387
51.397
51.408
51.418
51.428
51.438
51.449
51.459
51.469
51.479
51.49
51.5
51.517
51.527
51.537
51.548
51.558
51.568
51.578
51.589
51.599
51.609
51.619
51.63
51.64
51.65
51.66
51.671
51.681
51.692
51.702
51.713
51.723
51.733
51.743
51.754
51.764
51.774
51.785
51.795
51.805
51.816
51.826
51.836
51.846
51.856
51.867
51.877
51.887
51.897
51.908
51.918
51.928
51.938
51.948
51.959
51.969
51.979
51.989
52
52.01
52.02
52.043
52.053
52.063
52.073
52.084
52.094
52.104
52.114
52.124
52.135
52.145
52.155
52.166
52.176
52.186
52.196
52.207
52.217
52.227
52.238
52.248
52.258
52.268
52.278
52.289
52.299
52.309
52.32
52.33
52.34
52.35
52.36
52.371
52.381
52.392
52.402
52.412
52.422
52.432
52.442
52.453
52.463
52.473
52.483
52.493
52.504
52.514
52.524
52.534
52.551
52.561
52.571
52.582
52.592
52.602
52.613
52.623
52.633
52.643
52.654
52.664
52.674
52.684
52.694
52.705
52.715
52.725
52.735
52.745
52.756
52.766
52.776
52.786
52.796
52.807
52.817
52.827
52.837
52.847
52.857
52.868
52.878
52.888
52.898
52.909
52.919
52.929
52.939
52.949
52.96
52.97
52.98
52.99
53.001
53.011
53.021
53.031
53.041
53.052
53.062
53.072
53.082
53.092
53.103
53.113
53.123
53.133
53.144
53.154
53.164
53.175
53.185
53.195
53.205
53.216
53.226
53.239
53.249
53.259
53.27
53.28
53.29
53.3
53.311
53.321
53.331
53.342
53.352
53.362
53.373
53.383
53.393
53.403
53.414
53.424
53.435
53.445
53.456
53.466
53.476
53.486
53.497
53.507
53.517
53.527
53.537
53.548
53.558
53.568
53.579
53.589
53.601
53.612
53.624
53.636
53.646
53.656
53.667
53.677
53.687
53.698
53.708
53.718
53.729
53.75
53.76
53.771
53.781
53.792
53.802
53.812
53.822
53.832
53.843
53.853
53.863
53.874
53.884
53.894
53.904
53.915
53.925
53.935
53.945
53.956
53.966
53.976
53.987
53.997
54.007
54.017
54.028
54.038
54.048
54.058
54.069
54.079
54.089
54.099
54.109
54.12
54.13
54.14
54.15
54.16
54.17
54.181
54.191
54.201
54.212
54.222
54.232
54.247
54.257
54.267
54.277
54.287
54.298
54.308
54.318
54.329
54.339
54.349
54.359
54.37
54.38
54.39
54.4
54.41
54.421
54.431
54.441
54.452
54.462
54.472
54.483
54.493
54.503
54.513
54.524
54.534
54.544
54.555
54.565
54.575
54.586
54.596
54.606
54.616
54.626
54.637
54.647
54.657
54.667
54.677
54.688
54.698
54.708
54.718
54.728
54.739
54.749
54.759
54.769
54.779
54.789
54.8
54.81
54.82
54.83
54.84
54.851
54.861
54.871
54.881
54.891
54.902
54.912
54.922
54.932
54.942
54.953
54.963
54.973
54.984
54.994
55.004
55.014
55.025
55.035
55.045
55.055
55.066
55.076
55.095
55.105
55.117
55.127
55.137
55.148
55.158
55.168
55.179
55.189
55.199
55.209
55.22
55.23
55.24
55.251
55.261
55.271
55.282
55.292
55.302
55.312
55.322
55.333
55.343
55.353
55.363
55.374
55.384
55.394
55.405
55.415
55.425
55.436
55.446
55.456
55.467
55.477
55.487
55.497
55.507
55.518
55.528
55.538
55.548
55.559
55.569
55.579
55.589
55.6
55.61
55.62
55.63
55.641
55.651
55.661
55.672
55.682
55.692
55.702
55.712
55.723
55.733
55.743
55.753
55.771
55.781
55.791
55.802
55.812
55.822
55.833
55.843
55.853
55.864
55.875
55.885
55.895
55.905
55.916
55.926
55.94
55.951
55.961
55.972
55.982
55.992
56.002
56.013
56.023
56.033
56.044
56.054
56.064
56.074
56.085
56.095
56.105
56.115
56.126
56.136
56.146
56.156
56.167
56.177
56.187
56.198
56.208
56.218
56.228
56.238
56.248
56.259
56.269
56.279
56.29
56.3
56.31
56.321
56.331
56.341
56.352
56.362
56.373
56.383
56.394
56.404
